0.006
0.006
0.049
0.049
0.049
0.049
0.049
0.049
0.049
0.1
0.1
0.1
0.1
0.1
0.1
0.1
0.4
0.4
0.4
0.4
0.4
0.4
0.4
0.5
0.5
0.5
0.5
0.5
0.5
0.5
1.7
1.7
1.7
1.7
1.7
1.7
1.7
1.7
1.7
1.7
1.7
1.7
1.7
1.7
2.7
2.7
2.7
2.7
2.7
2.7
2.7
0.4
0.4
0.4
0.4
0.4
0.4
0.4
0.6
0.6
0.6
0.6
0.6
0.6
0.6
1.3
1.3
1.3
1.3
1.3
1.3
1.3
0.7
0.7
0.7
0.5
0.5
0.5
0.5
0.5
0.5
0.5
0.2
0.2
0.2
0.2
0.2
0.2
0.2
0.2
0.2
0.2
0.2
0.2
0.2
0.2
0.7
0.7
0.7
0.7
0.7
0.7
0.7
2.1
2.1
2.1
2.1
2.1
2.1
2.1
0.5
0.5
0.5
0.5
0.5
0.5
0.5
2
2
2
2
2
2
2
1.3
1.3
1.3
1.3
1.3
1.3
1.3
1.6
1.6
1.6
1.6
1.6
1.6
1.6
1.6
1.6
1.6
1.6
1.6
1.6
1.6
0.9
0.9
0.9
0.9
0.9
0.9
0.9
0.7
0.7
0.7
0.7
0.7
0.7
0.7
3.3
3.3
3.3
3.3
3.3
3.3
3.3
1.1
1.1
1.1
1.1
1.1
1.1
1.1
1.6
1.6
1.6
1.6
1.6
1.6
1.6
0.8
0.8
0.8
0.8
0.8
0.8
0.8
2.4
2.4
2.4
2.4
2.4
2.4
2.4
1.5
1.5
1.5
1.5
1.5
1.5
1.5
1.9
2.2
2.2
2.2
2.2
2.2
2.2
2.2
1.5
1.5
1.5
1.5
1.5
1.5
1.5
1.9
1.9
1.9
1.9
1.9
1.9
1.9
2.1
2.1
2.1
2.1
2.1
2.1
2.1
1
1
1
1
1
1
1
1.9
1.9
1.9
1.9
1.9
1.9
1.9
3.4
3.4
3.4
3.4
3.4
3.9
3.9
0.7
0.7
0.7
0.7
0.7
0.7
0.7
0.5
0.5
0.5
0.5
0.5
0.5
0.7
0.7
0.7
0.7
0.7
0.7
0.8
0.8
0.8
0.8
0.8
0.8
0.8
0.7
0.7
0.7
0.2
0.2
0.2
0.2
0.2
0.2
0.2
0.3
0.3
0.3
0.3
0.3
0.3
0.3
0.6
0.6
0.6
0.6
0.6
0.6
0.6
0.8
0.8
0.8
0.8
0.8
0.8
0.8
0.7
0.7
0.7
0.7
0.7
0.7
0.7
0.4
0.4
0.4
0.4
0.4
0.4
0.4
0.4
0.4
0.4
0.4
0.4
0.4
0.4
0.4
0.4
0.4
0.4
0.4
0.4
0.4
0.6
0.6
0.6
0.6
0.6
0.6
0.6
0.8
0.8
0.8
0.8
0.8
0.8
0.8
0.7
0.7
0.7
0.7
0.7
0.7
0.7
0.8
0.8
0.8
0.8
0.8
0.8
0.8
0.5
0.5
0.5
0.8
0.8
0.7
0.7
0.7
0.7
0.7
0.8
0.8
0.8
0.8
0.8
0.8
0.8
0.8
0.8
0.8
0.8
0.8
0.8
0.8
0.2
0.2
0.2
0.2
0.2
0.2
0.2
0.2
0.2
0.2
0.2
0.2
0.2
0.2
0.2
0.2
0.2
0.2
0.2
0.2
0.2
0.2
0.2
0.2
0.2
0.2
0.2
0.2
0.2
0.2
0.2
0.2
0.2
0.2
0.2
0.6
0.6
0.6
0.6
0.6
0.6
0.6
0.7
0.7
0.7
0.7
0.7
0.7
0.7
0.8
0.8
0.8
0.8
0.8
0.8
0.8
0.8
0.8
0.8
0.8
0.8
0.8
0.8
0.5
0.5
0.5
0.5
0.5
0.5
0.5
0.7
0.7
0.7
0.7
0.7
0.7
0.7
7.5
7.5
7.5
7.5
7.5
7.5
7.5
7.5
7.5
7.5
0.002
