0.009
0.013
0.013
0.013
0.029
0.004
0.024
0.008
0.021
0.019
0.002
0.016
0.001
0.046
0.037
0.053
0.038
0.004
0.014
0.005
0.026
0.004
0.019
0.011
0.023
0.004
0.01
0.007
0.029
0.003
0.013
0.009
0.015
0.001
0.017
0.003
0.016
0.011
0.008
0.005
0.004
0.003
0.002
0.001
0.047
0.004
0.004
0.001
0.003
0.015
0.01
0.007
0.005
0.003
0.002
0.002
0.001
0.001
0.001
0.001
0.001
0.001
0.001
0.075
0.004
0.022
0.015
0.007
0.001
0.003
0.007
0.005
0.027
0.003
0.011
0.007
0.005
0.004
0.002
0.044
0.003
0.003
0.015
0.011
0.007
0.005
0.003
0.018
0.002
0.073
0.002
