0.021
0.001
0.001
0.004
0.002
0.001
0.001
0.001
0.007
0.005
0.007
0.007
0.007
0.008
0.001
0.001
0.04
0.04
0.04
0.001
0.067
0.001
0.003
0.4
0.005
0.026
0.4
0.005
0.4
0.001
0.012
0.3
0.005
0.027
0.002
0.006
0.008
0.004
0.015
0.4
0.4
0.014
0.023
0.034
0.01
0.073
0.001
0.3
0.4
0.4
0.001
0.039
0.027
0.019
0.005
0.001
0.4
0.045
0.4
0.016
0.4
0.4
0.025
0.006
0.4
0.013
0.4
0.028
0.01
0.4
0.01
0.4
0.023
0.026
0.03
0.02
0.002
0.045
0.049
0.03
0.001
0.4
0.031
0.017
0.4
0.4
0.4
0.02
0.4
0.4
0.005
0.008
0.001
0.015
0.012
0.003
0.002
0.001
0.001
0.001
0.001
0.001
0.001
0.001
0.001
0.001
0.001
0.001
0.001
0.001
0.001
0.001
0.001
0.001
0.001
0.001
0.001
0.031
0.026
0.026
0.048
0.024
0.006
0.026
0.011
0.02
0.035
0.003
0.017
0.017
0.017
0.017
0.017
0.044
0.016
0.039
0.006
0.003
0.001
0.01
0.005
0.008
0.01
0.016
0.011
0.011
0.023
0.023
0.025
0.055
0.055
0.027
0.011
0.001
0.001
0.018
0.014
0.014
0.012
0.012
0.004
0.001
0.008
0.009
0.008
0.003
0.003
0.021
0.002
0.021
0.006
0.014
0.004
0.044
0.025
0.023
0.023
0.016
0.023
0.007
0.007
0.001
0.003
0.001
0.001
0.001
0.001
0.001
0.001
0.001
0.001
0.001
0.001
0.001
0.001
0.001
0.001
0.001
0.001
0.001
0.001
0.001
0.001
0.001
0.001
0.006
0.003
0.002
0.001
0.01
0.011
0.001
0.007
0.002
0.013
10.6
