0.001
0.003
0.008
0.008
0.008
0.008
0.008
0.005
0.005
0.005
0.005
0.005
0.023
0.023
0.023
0.023
0.023
0.002
0.002
0.002
0.002
0.002
0.002
0.002
0.002
0.002
0.002
0.001
0.001
0.001
0.001
0.001
0.001
0.001
0.001
0.001
0.001
0.002
0.002
0.002
0.002
0.002
0.003
0.003
0.003
0.003
0.003
0.002
0.002
0.002
0.002
0.002
0.002
0.002
0.002
0.002
0.002
0.083
0.083
0.083
0.083
0.083
0.004
0.004
0.004
0.004
0.004
0.016
0.016
0.016
0.016
0.016
0.009
0.009
0.009
0.009
0.009
0.003
0.003
0.003
0.003
0.003
0.013
0.013
0.013
0.013
0.013
0.011
0.011
0.011
0.011
0.011
0.015
0.015
0.015
0.015
0.015
0.011
0.011
0.011
0.011
0.011
0.025
0.025
0.025
0.025
0.025
0.011
0.011
0.011
0.011
0.011
0.009
0.009
0.009
0.009
0.009
0.014
0.014
0.014
0.014
0.014
0.015
0.015
0.015
0.015
0.015
0.001
0.001
0.001
0.001
0.001
0.001
0.001
0.001
0.001
0.001
0.057
0.057
0.057
0.057
0.057
0.051
0.051
0.051
0.051
0.051
0.068
0.068
0.068
0.068
0.068
0.049
0.049
0.049
0.049
0.049
0.047
0.047
0.047
0.047
0.047
0.3
0.3
0.3
0.3
0.3
0.7
0.7
0.7
0.7
0.7
0.8
0.8
0.8
0.8
0.8
0.068
0.068
0.068
0.068
0.068
0.5
0.5
0.5
0.5
0.5
0.4
0.4
0.4
0.4
0.4
0.077
0.077
0.077
0.077
0.077
0.6
0.6
0.6
0.6
0.6
0.2
0.2
0.2
0.2
0.2
0.3
0.3
0.3
0.3
0.3
3.1
3.1
3.1
3.1
3.1
0.002
0.002
0.002
0.002
0.002
2.5
2.5
0.001
0.001
2.7
2
2
2
2
2
1.9
2
2
1.9
2
1.9
1.9
1.9
2
1.9
1.9
1.9
1.9
1.9
1.9
1.9
2
1.9
1.9
1.9
1.9
1.9
2
1.9
1.9
1.9
1.9
1.9
2
2.5
2.5
2.5
2.5
2.5
2.5
0.3
0.3
0.3
0.3
0.3
0.3
2.1
2.1
2.1
2.1
2.1
2.1
2.4
2.4
2.4
2.4
2.4
2.4
2.5
2.5
2.5
2.5
2.5
2.5
1.1
1.1
1.1
1.1
1.1
1.1
0.002
0.002
0.002
0.002
0.002
0.002
1.8
1.8
1.8
1.8
1.8
1.8
0.063
0.063
0.063
0.063
0.063
0.063
0.074
0.074
0.074
0.074
0.074
0.074
0.06
0.06
0.06
0.06
0.06
0.06
0.057
0.057
0.057
0.057
0.057
0.057
0.045
0.045
0.045
0.045
0.045
0.045
0.5
0.001
0.001
0.001
0.001
0.001
0.001
0.001
0.001
0.001
0.001
0.001
0.001
0.001
0.001
0.001
0.001
0.001
0.001
0.001
0.001
0.001
0.001
0.001
0.001
0.001
0.001
0.001
0.001
