0.001
0.001
0.001
0.001
0.001
0.001
0.001
0.001
0.001
0.001
0.002
0.002
0.006
0.001
0.001
0.001
0.001
0.001
0.001
0.001
0.001
0.002
0.001
0.004
0.001
0.003
0.001
0.001
0.001
0.001
0.001
0.001
0.001
0.001
0.001
0.001
0.001
0.001
0.001
0.001
0.001
0.001
0.001
0.001
0.001
0.001
0.001
0.001
0.001
0.001
0.001
0.001
0.001
0.001
0.001
0.001
0.001
0.001
0.001
0.001
0.001
0.001
0.001
0.001
0.001
0.002
0.002
0.002
0.002
0.002
0.002
0.002
0.002
0.2
0.2
0.2
0.2
0.2
0.2
0.2
0.2
1.7
1.7
1.7
1.6
1.6
1.6
0.088
1
1
1
0.9
1
0.9
1
0.094
0.7
0.6
0.6
0.2
1.5
1.5
1.5
1.5
1.5
2.9
1.5
1.5
2.9
1.6
1.5
0.9
0.9
0.9
0.9
0.9
0.9
0.9
0.9
0.8
0.9
0.9
0.07
0.1
0.8
0.8
0.8
0.8
1
1
0.8
1.2
1.2
1
1.2
1.4
1.4
1.4
1.4
1.4
1.4
1.4
1.4
1.4
1.4
1.4
0.3
0.3
0.3
1.4
0.3
0.8
0.065
0.065
0.8
0.8
0.8
0.8
1.4
1.4
1.4
1.4
1.4
1.4
1.4
1.4
1.4
1.4
1.4
1.4
0.7
0.8
0.6
0.6
0.6
0.058
0.076
0.8
0.8
0.7
0.7
0.8
0.8
1.4
0.076
0.8
1.3
0.068
1.3
0.068
0.068
0.056
0.056
0.056
0.056
0.056
0.056
0.056
0.056
0.057
0.057
0.057
0.057
0.057
0.057
0.057
0.057
0.1
0.1
0.1
0.067
0.067
0.1
0.071
0.071
0.071
0.056
0.056
0.056
0.056
0.056
0.062
0.062
0.062
0.062
0.062
0.062
0.062
0.2
0.062
0.056
0.2
0.056
1
1
1
1
1
1.8
1.8
1.8
1.8
1.8
1.8
1.8
1.8
1.7
1.7
1.8
1.8
1.8
1.8
1.8
1.8
1.5
1.4
1.5
1.5
0.076
0.076
0.076
0.076
0.076
0.076
0.088
0.088
0.088
0.088
0.088
0.088
0.088
0.5
0.4
0.4
0.4
0.4
0.6
0.6
0.6
0.6
0.6
0.6
0.6
0.6
0.6
0.6
0.6
0.6
0.6
0.6
0.6
0.6
0.7
0.7
0.7
0.7
0.7
0.7
0.7
0.7
0.2
0.2
0.2
0.2
0.2
0.2
0.2
0.2
0.8
0.8
0.8
0.8
0.8
0.8
0.8
0.8
0.8
0.8
0.8
0.8
0.8
0.8
0.8
0.8
0.8
0.8
0.8
0.8
0.8
0.8
0.8
0.8
0.8
0.8
0.8
0.8
0.8
0.8
0.8
0.07
0.07
0.07
0.07
0.07
0.07
0.07
0.07
0.074
0.074
0.074
0.074
0.074
0.074
0.074
0.074
0.076
0.076
0.076
0.076
0.076
0.076
0.076
0.076
0.079
0.079
0.079
0.079
0.079
0.079
0.079
0.077
0.077
0.077
0.077
0.077
0.077
0.077
0.1
0.1
0.1
0.1
0.1
0.1
0.1
0.1
0.08
0.08
0.08
0.08
0.08
0.08
0.08
0.08
0.079
0.079
0.079
0.079
0.079
0.079
0.079
2.3
2.3
2.3
2.3
2.3
2.3
2.3
2.3
3.3
3.3
3.3
3.3
3.3
3.3
3.3
3.3
0.4
0.4
0.4
0.4
0.4
0.4
0.4
0.4
0.9
0.9
0.9
0.9
0.9
0.9
0.9
0.9
3.6
3.6
3.6
3.6
3.6
3.6
3.6
3.6
3.6
3.6
3.6
3.6
3.6
3.6
3.6
3.6
3.6
3.6
3.6
3.6
3.6
3.6
3.6
3.6
1.6
1.6
1.6
1.6
1.6
1.6
1.6
1.6
1.7
1.7
1.7
1.7
1.7
1.7
1.7
1.7
1.7
1.7
1.7
1.7
1.7
1.7
1.7
1.7
1.7
1.7
1.7
1.7
1.7
1.7
1.7
1.7
1.7
1.7
1.7
1.7
1.7
1.7
1.7
1.7
2.1
2.1
2.1
2.1
2.1
2.1
2.1
0.5
0.5
0.4
0.4
0.5
0.4
0.5
0.5
0.5
0.5
0.5
0.5
0.9
0.9
0.9
1
1
1
1
1
1
0.033
0.033
0.01
0.033
0.042
0.042
0.009
0.006
0.006
0.042
0.021
0.028
0.012
0.012
0.036
0.036
0.036
0.036
0.036
0.036
0.042
0.042
0.03
0.03
0.03
0.006
0.03
0.03
0.03
0.024
0.03
0.03
0.042
0.006
0.006
0.006
0.042
0.042
0.006
0.006
0.042
0.006
0.006
0.006
0.002
0.002
0.002
0.002
0.002
0.002
0.002
0.002
0.001
0.001
0.001
0.001
0.001
0.001
0.005
0.005
0.005
0.005
0.005
0.005
0.005
0.005
0.002
0.002
0.002
0.002
0.002
0.002
0.002
0.002
0.001
0.001
0.001
0.001
0.001
0.001
0.001
0.001
0.001
0.001
0.001
0.001
0.001
0.006
0.007
0.006
0.007
0.007
0.007
0.006
0.006
0.001
0.001
0.001
0.001
0.001
0.001
0.001
0.001
0.001
0.001
0.002
0.003
0.002
0.002
0.002
0.001
0.001
0.001
0.001
0.001
0.001
0.001
0.001
0.002
0.001
0.001
0.001
0.001
0.002
0.004
0.004
0.002
0.002
0.004
0.002
0.005
0.005
0.005
0.005
0.005
0.005
0.005
0.003
0.003
0.003
0.003
0.003
0.003
0.003
0.003
0.003
0.01
0.01
0.01
0.01
0.003
0.01
0.01
0.01
0.01
0.01
0.015
0.015
0.015
0.015
0.005
0.005
0.01
0.01
0.01
0.005
0.005
0.015
0.015
0.015
0.015
0.016
0.016
0.016
0.016
0.016
0.016
0.016
0.016
0.001
0.001
0.001
0.001
0.001
0.001
0.001
0.001
0.001
0.001
0.001
0.001
0.001
0.001
0.001
0.001
0.001
0.001
0.001
0.001
0.001
0.001
0.001
0.001
0.001
0.001
0.001
0.001
0.001
0.001
0.001
0.001
0.001
0.001
0.001
0.001
0.001
0.001
0.001
0.001
0.004
0.004
0.001
0.001
0.001
0.001
0.001
0.001
0.001
0.001
0.002
0.002
0.002
0.002
0.002
0.002
0.002
0.002
0.005
0.005
0.005
0.005
0.005
0.005
0.004
0.004
0.001
0.001
0.001
0.001
0.001
0.001
0.001
0.001
0.001
0.001
0.001
0.001
0.001
0.001
0.001
0.001
0.001
0.001
0.001
0.001
0.001
0.001
0.001
0.001
0.001
0.001
0.001
0.001
0.001
0.001
0.001
0.001
0.001
0.001
0.001
0.001
0.001
0.001
0.001
0.001
0.001
0.001
0.001
0.002
0.002
0.005
0.005
0.005
0.003
0.004
0.004
0.004
0.004
0.012
0.012
0.012
0.012
0.005
0.005
0.005
0.005
0.005
0.005
0.005
0.005
0.001
0.001
0.001
0.001
0.001
0.001
0.003
0.003
0.003
0.003
0.003
0.003
0.003
0.003
0.006
0.006
0.006
0.006
0.006
0.006
0.006
0.006
0.006
0.006
0.006
0.006
0.006
0.006
0.006
0.006
0.013
0.013
0.013
0.013
0.013
0.013
0.013
0.013
0.016
0.016
0.016
0.016
0.016
0.016
0.016
0.016
0.001
0.001
0.001
0.001
0.001
0.001
0.001
0.001
0.005
0.005
0.005
0.005
0.005
0.005
0.005
0.005
0.001
0.001
0.001
0.001
0.001
0.001
0.001
0.001
0.001
0.001
0.001
0.001
0.001
0.001
0.001
0.001
0.001
0.001
0.001
0.001
0.001
0.001
0.001
0.001
0.001
0.001
0.001
0.001
0.001
0.001
0.001
0.001
0.002
0.002
0.002
0.002
0.002
0.002
0.002
0.002
0.001
0.001
0.001
0.001
0.001
0.001
0.001
0.001
0.012
0.012
0.012
0.012
0.012
0.012
0.012
0.012
0.2
0.2
0.2
0.2
0.025
0.025
0.07
0.045
0.028
0.028
0.1
0.073
0.1
0.1
0.1
0.073
0.1
0.1
0.085
0.085
0.1
0.1
0.1
0.1
0.029
0.029
0.1
0.029
0.2
0.3
0.3
0.3
0.3
0.3
0.3
0.2
0.3
0.3
0.3
0.05
0.05
0.05
0.1
0.05
0.05
0.1
0.066
0.066
0.025
0.05
0.016
0.066
0.016
0.016
0.016
0.016
0.016
0.016
0.016
0.016
0.001
0.001
0.016
0.016
0.065
0.001
0.001
0.001
0.1
0.001
0.001
0.001
0.001
0.001
0.023
0.008
0.008
0.008
0.003
0.003
0.003
0.003
0.003
0.004
0.004
0.004
0.004
0.007
0.006
0.006
0.006
0.006
0.006
0.008
0.006
0.006
0.008
0.006
0.008
0.002
0.002
0.002
0.086
0.061
0.063
0.067
0.067
0.067
0.067
0.067
0.067
0.067
0.075
0.004
0.012
0.012
0.012
0.008
0.015
0.011
0.011
0.011
0.003
0.003
0.003
0.003
0.003
0.003
0.006
0.006
0.006
0.006
0.006
0.003
0.006
0.006
0.006
0.009
0.005
0.003
0.001
0.001
0.001
0.001
0.002
0.002
0.002
0.002
0.002
0.002
0.002
0.005
0.005
0.005
0.005
0.005
0.005
0.006
0.001
0.001
0.001
0.001
0.001
0.01
0.009
0.009
0.01
0.016
0.009
0.025
0.026
0.025
0.026
0.01
0.026
0.026
0.016
0.016
0.016
0.016
0.016
0.016
0.016
0.016
0.016
0.1
0.2
0.2
0.2
0.2
0.2
0.2
0.2
0.032
0.032
0.032
0.032
0.032
0.032
0.032
0.032
0.052
0.052
0.052
0.052
0.052
0.052
0.052
0.052
0.008
0.008
0.008
0.008
0.008
0.008
0.008
0.013
0.013
0.013
0.013
0.013
0.013
0.013
0.013
0.015
0.015
0.015
0.015
0.015
0.015
0.015
0.015
0.3
0.3
0.3
0.3
0.3
0.3
0.3
0.3
0.3
0.3
0.3
0.3
0.3
0.3
0.3
0.3
0.3
0.3
0.3
0.3
0.3
0.3
0.3
0.3
0.5
0.5
0.5
0.5
0.5
0.5
0.5
0.5
0.8
0.8
0.8
0.8
0.8
0.8
0.8
0.8
0.1
0.1
0.1
0.1
0.1
0.1
0.1
0.1
1
1
1
1
1
1
1
1
1.8
1.8
1.8
1.8
1.8
1.8
1.8
1.8
1.8
1.8
1.8
1.8
1.8
1.8
1.8
1.8
1.7
1.7
1.7
1.7
1.7
1.7
1.7
1.7
1.7
1.7
1.7
1.7
1.7
1.7
1.7
1.7
1.7
1.7
1.8
1.8
1.8
1.4
1.4
1.4
1.4
1.4
1.4
1.4
0.3
0.3
0.3
0.3
0.3
0.3
0.3
0.3
1.7
1.7
1.7
1.7
1.7
1.7
1.7
1.7
0.9
0.9
0.9
0.9
0.9
0.9
0.9
0.9
0.9
0.9
0.9
0.9
0.9
0.9
0.9
0.9
0.9
0.9
0.9
0.9
0.9
0.9
0.9
0.9
0.9
0.9
0.9
0.9
0.9
0.9
0.9
0.9
0.9
0.9
0.9
0.9
0.9
0.9
0.9
0.9
0.9
0.9
0.9
1.9
1.9
1.9
1.9
1.9
1.9
1.9
1.9
1.2
1.2
1.2
1.2
1.2
1.2
1.2
1.2
1.2
1.2
1.2
1.2
1.2
1.2
1.2
1.2
1.2
1.2
1.2
1.2
1.2
1.2
1.2
1.2
1.2
1.2
1.2
1.2
1.2
1.2
1.2
1.2
1.2
1.2
1.2
1.2
1.2
1.2
1.2
1.2
1.8
1.8
1.8
1.8
1.8
1.8
1.8
0.8
0.8
0.8
0.8
0.8
0.8
0.8
0.8
1.7
1.7
1.7
1.7
1.6
1.6
1.6
1.6
2.2
2.2
2.2
2.2
1.8
1.8
1.8
1.8
1.8
1.8
1.8
0.082
1.8
0.2
0.2
0.2
1.8
1.8
0.2
1.7
1.7
1.7
1.8
1.8
1.8
1.8
1.3
1.3
1.3
0.087
0.087
0.087
1
1
1
1
0.9
0.9
0.9
0.086
1
1
1
2
2
0.2
0.076
2
2
2
1.9
1.9
1.9
2
2
0.9
0.9
1
1
0.9
1
2.2
2.4
2.4
2.4
2.4
2.4
2.4
2.4
2.4
2
2
2
2
2
2
2
2
2
2
0.075
0.075
0.075
0.075
0.075
0.075
0.075
0.075
0.085
0.085
0.085
0.085
0.085
0.085
0.085
0.085
0.1
0.1
0.1
0.1
0.1
0.1
0.1
0.1
0.089
0.089
0.089
0.089
0.089
0.089
0.089
0.089
0.5
0.5
0.5
0.5
0.048
0.048
0.048
0.048
0.041
0.041
0.041
0.041
0.072
0.072
0.072
0.072
0.5
0.3
0.3
0.3
0.3
0.5
0.5
0.5
0.5
0.5
0.076
0.093
0.093
0.093
0.2
0.2
0.2
0.2
0.2
0.093
0.2
0.076
0.2
0.2
1.2
1.2
1.1
1.1
1.1
1.1
1.1
1.1
1.2
0.3
0.3
0.3
0.3
0.4
0.4
0.4
0.4
0.4
0.4
1
0.5
0.079
0.5
1
0.072
0.072
0.072
0.072
0.063
0.063
0.063
0.063
0.063
0.063
0.063
0.063
0.1
0.075
0.8
0.07
1
1.5
0.07
0.07
0.07
0.07
0.8
0.1
0.8
0.8
0.8
0.056
1.1
1.1
1.1
1.1
1.1
1.1
1.1
1.1
1.1
0.068
0.8
0.068
0.8
0.068
0.068
0.068
0.068
0.1
0.1
0.1
0.1
0.1
0.1
0.1
0.1
0.1
0.1
0.1
0.09
0.09
0.09
0.09
2.3
2.3
2.3
2.4
2.3
2.4
1.5
1.5
1.7
1.7
1.7
1.7
1.7
1.7
0.9
1.7
1.7
1.7
1.7
1.7
1.7
1.7
1.7
1.7
1.7
1.7
0.001
0.001
1.7
1.7
1.7
1.7
1.7
1.7
1.7
1.7
1.7
1.7
1.7
1.7
1.7
1.7
0.002
1.7
1.7
1.7
1.7
1.7
1.7
1.7
1.7
1.7
1.7
1.7
1.7
1.7
1.7
1.7
1.7
1.7
1.7
1.7
1.7
1.7
1.7
1.7
1.7
1.7
1.7
1.7
1.7
1.7
1.7
1.7
1.7
1.6
1.6
1.6
1.6
0.2
0.2
0.2
0.2
0.3
0.3
0.3
0.3
0.3
0.3
0.3
0.3
1.9
1.9
1.9
1.9
1.9
1.9
1.9
1.9
1.8
1.8
1.8
1.8
1.8
1.8
1.8
1.8
1.8
1.8
1.8
1.8
1.8
1.8
1.8
1.8
1.8
1.8
1.8
1.8
1.8
1.8
1.8
1.8
1.8
1.8
1.8
1.8
1.8
1.8
1.8
1.8
1.8
1.8
1.8
1.8
1.8
1.8
1.8
1.8
1.8
1.8
1.8
1.8
1.8
1.8
1.8
1.8
1.8
4.6
4.6
4.6
4.6
4.6
4.6
4.6
4.6
4.6
4.6
4.6
4.6
4.6
4.6
4.6
4.6
4.6
4.6
4.6
4.6
4.6
4.6
4.6
4.6
4.6
4.6
4.6
4.6
4.6
4.6
4.6
4.6
4.6
4.6
4.6
4.6
4.6
4.6
4.6
4.6
4.6
4.6
4.6
4.6
4.6
4.6
4.6
4.6
4.6
4.6
4.6
4.6
4.6
2.8
2.8
2.8
2.8
2.8
2.8
2.8
2.8
2.8
2.8
2.8
2.8
2.8
2.8
2.8
2.8
2.8
2.8
2.8
2.8
2.8
2.8
2.8
2.8
2.8
2.8
2.8
2.8
2.8
2.8
2.8
2.8
2.8
2.8
2.8
2.8
2.8
2.8
2.8
2.8
2.8
2.8
2.8
2.8
2.8
2.8
2.8
2.8
2.8
2.8
2.8
2.8
2.8
2.8
2.8
2.8
2.8
2.8
2.8
2.8
2.8
2.8
2.8
2.8
2.8
2.8
2.8
2.8
2.8
2.8
2.8
2.8
2.8
2.8
2.8
2.8
2.8
2.8
2.8
2.8
2.8
2.8
2.8
2.8
2.8
2.8
2.8
2.8
1.4
1.4
1.4
1.4
1.4
1.4
1.4
1.4
1.4
1.4
1.4
1.4
1.4
1.4
1.4
1.4
1.4
1.4
1.4
1.4
1.4
1.4
1.4
1.4
1.4
1.4
1.4
1.4
1.4
1.4
1.4
1.4
1.4
1.4
1.4
1.4
1.4
1.4
1.4
1.4
1.4
1.4
1.4
1.4
1.4
1.4
1.4
1.4
1.4
1.4
1.4
1.4
1.4
1.4
1.4
1.4
1.4
1.4
1.4
1.4
1.4
2.5
2.5
2.5
2.5
2.5
2.5
2.5
2.5
1.6
1.6
1.6
1.6
1.6
1.6
1.6
1.6
0.057
0.057
0.057
0.057
0.036
0.036
0.036
0.036
0.036
0.036
0.036
0.001
0.002
0.002
0.002
0.002
0.002
0.002
0.002
0.002
0.001
0.001
0.001
0.001
0.001
0.001
0.001
0.001
0.001
0.001
0.001
0.001
0.001
0.004
0.004
0.004
0.004
0.003
0.002
0.002
0.002
0.005
0.007
0.002
0.002
0.002
0.005
0.005
0.001
0.003
0.003
0.003
0.003
0.003
0.003
0.003
0.003
0.003
0.002
0.005
0.005
0.005
0.002
0.005
0.002
0.002
0.002
0.002
0.002
0.001
0.001
0.001
0.001
0.001
0.001
0.001
0.001
0.001
0.001
0.001
0.001
0.001
0.001
0.001
0.001
0.001
0.001
0.001
0.001
0.001
0.001
0.001
0.001
0.003
0.003
0.003
0.003
0.003
0.003
0.003
0.003
0.001
0.001
0.001
0.001
0.001
0.001
0.001
0.001
0.001
0.001
0.001
0.001
0.001
0.001
0.001
0.002
0.002
0.002
0.002
0.002
0.002
0.002
0.002
0.001
0.001
