23.0396725,72.5326184
23.0396705,72.5326216
23.0396682,72.5326108
23.0396679,72.5326092
23.0396679,72.5326092
23.0396679,72.5326092
23.0396676,72.5326073
23.0396676,72.5326073
23.0396676,72.5326073
23.0396676,72.5326073
23.0396688,72.5326005
23.0396686,72.5325992
23.0396812,72.5326139
23.0396812,72.5326139
23.039726,72.5326673
23.0397524,72.5326549
23.0397524,72.5326549
23.0397524,72.5326549
23.0397524,72.5326549
23.0397524,72.5326549
23.0397524,72.5326549
23.0397773,72.5326432
23.039787,72.5326566
23.0397964,72.5326748
23.0397377,72.5326675
23.0396995,72.5327055
23.0396959,72.5327063
23.0396952,72.5326726
23.0396727,72.5326768
23.0396693,72.5326751
23.0396812,72.5326726
23.0396812,72.5326726
23.0396812,72.5326726
23.0396812,72.5326726
23.0396812,72.5326726
23.0396812,72.5326726
23.0396812,72.5326726
23.0396812,72.5326726
23.0396913,72.5326735
23.0396913,72.5326735
23.0396913,72.5326735
23.0396913,72.5326735
23.0396913,72.5326735
23.0396913,72.5326735
23.0396913,72.5326735
23.0396913,72.5326735
23.0396818,72.5326729
23.0396818,72.5326729
23.0396818,72.5326729
23.0396818,72.5326729
23.0396818,72.5326729
23.0396818,72.5326729
23.0396818,72.5326729
23.0396818,72.5326729
23.0396796,72.5326611
23.0396796,72.5326611
23.0396796,72.5326611
23.0396796,72.5326611
23.0396796,72.5326611
23.0396796,72.5326611
23.0396877,72.5326514
23.0396877,72.5326514
23.0396877,72.5326514
23.0396877,72.5326514
23.0396877,72.5326514
23.0396877,72.5326514
23.0396877,72.5326514
23.0396887,72.5326683
23.0396887,72.5326683
23.0396887,72.5326683
23.0396887,72.5326683
23.0396887,72.5326683
23.0396887,72.5326683
23.0396887,72.5326683
23.0396887,72.5326683
23.0387404,72.5328648
23.0387404,72.5328648
23.0387404,72.5328648
23.0387404,72.5328648
23.0387404,72.5328648
23.0387404,72.5328648
23.0387404,72.5328648
23.0387404,72.5328648
23.0334346,72.5366011
23.0334346,72.5366011
23.0334346,72.5366011
23.0329308,72.5372668
23.0329308,72.5372668
23.0329308,72.5372668
23.0334346,72.5366011
23.0329308,72.5372668
23.0329308,72.5372668
23.0329308,72.5372668
23.0322872,72.5378676
23.0329308,72.5372668
23.0322872,72.5378676
23.0322872,72.5378676
23.0329308,72.5372668
23.0316646,72.5383516
23.0316646,72.5383516
23.0316646,72.5383516
23.0313004,72.538994
23.0286537,72.5426039
23.0286537,72.5426039
23.0283724,72.5429344
23.0283724,72.5429344
23.0286537,72.5426039
23.0280931,72.5434219
23.0286537,72.5426039
23.0286537,72.5426039
23.0280931,72.5434219
23.0289373,72.5422207
23.0283724,72.5429344
23.0280931,72.5434219
23.0277249,72.5439786
23.0277249,72.5439786
23.0277249,72.5439786
23.0277249,72.5439786
23.0277249,72.5439786
23.0277249,72.5439786
23.0277249,72.5439786
23.0273433,72.5444524
23.0277249,72.5439786
23.0273433,72.5444524
23.0280931,72.5434219
23.0283724,72.5429344
23.0273433,72.5444524
23.0273433,72.5444524
23.0273433,72.5444524
23.0273433,72.5444524
23.0270208,72.544992
23.0270208,72.544992
23.0273433,72.5444524
23.0270208,72.544992
23.0270208,72.544992
23.0270208,72.544992
23.0270208,72.544992
23.0267347,72.5455166
23.0267347,72.5455166
23.0267347,72.5455166
23.0267347,72.5455166
23.0267347,72.5455166
23.0267347,72.5455166
23.0267347,72.5455166
23.0264407,72.5460076
23.0264407,72.5460076
23.0264407,72.5460076
23.0264407,72.5460076
23.0283724,72.5429344
23.0283724,72.5429344
23.0280931,72.5434219
23.0260436,72.5464823
23.0283724,72.5429344
23.0260436,72.5464823
23.0264407,72.5460076
23.0264407,72.5460076
23.0264407,72.5460076
23.0264407,72.5460076
23.0260436,72.5464823
23.0260436,72.5464823
23.0260436,72.5464823
23.0255934,72.5470368
23.0255934,72.5470368
23.0255934,72.5470368
23.0255934,72.5470368
23.0255934,72.5470368
23.0255934,72.5470368
23.0255934,72.5470368
23.0252723,72.5474799
23.0252723,72.5474799
23.0252723,72.5474799
23.0252723,72.5474799
23.0251438,72.547949
23.0251438,72.547949
23.0283724,72.5429344
23.0280931,72.5434219
23.0280931,72.5434219
23.0252723,72.5474799
23.0253544,72.5486583
23.0253544,72.5486583
23.0253544,72.5486583
23.0251438,72.547949
23.0251438,72.547949
23.0253544,72.5486583
23.0253544,72.5486583
23.0253544,72.5486583
23.0253544,72.5486583
23.0253544,72.5486583
23.0254999,72.5493067
23.0254999,72.5493067
23.0254999,72.5493067
23.0254999,72.5493067
23.0254999,72.5493067
23.0257058,72.5498039
23.0257058,72.5498039
23.0257058,72.5498039
23.0257058,72.5498039
23.0257058,72.5498039
23.0257058,72.5498039
23.0257058,72.5498039
23.0257058,72.5498039
23.0260592,72.550219
23.0260592,72.550219
23.0260592,72.550219
23.0260592,72.550219
23.0260592,72.550219
23.0260592,72.550219
23.0260592,72.550219
23.0260592,72.550219
23.0262093,72.5508514
23.0262093,72.5508514
23.0262093,72.5508514
23.0262093,72.5508514
23.0262093,72.5508514
23.0261459,72.5515464
23.0261459,72.5515464
23.0261459,72.5515464
23.0261459,72.5515464
23.0260795,72.5520947
23.0260795,72.5520947
23.0260795,72.5520947
23.0260795,72.5520947
23.0261459,72.5515464
23.0261415,72.5527014
23.0261415,72.5527014
23.0261415,72.5527014
23.0261415,72.5527014
23.0261415,72.5527014
23.0261415,72.5527014
23.0261415,72.5527014
23.0261138,72.5532451
23.0261415,72.5527014
23.0261138,72.5532451
23.0261138,72.5532451
23.0261138,72.5532451
23.0258594,72.553726
23.0258594,72.553726
23.0258594,72.553726
23.0258594,72.553726
23.0258594,72.553726
23.0252227,72.5541569
23.0252227,72.5541569
23.0252227,72.5541569
23.0252227,72.5541569
23.0252227,72.5541569
23.0252227,72.5541569
23.0252227,72.5541569
23.0252227,72.5541569
23.0245208,72.5546183
23.0245208,72.5546183
23.0245208,72.5546183
23.0239086,72.5550503
23.0239086,72.5550503
23.0239086,72.5550503
23.0239086,72.5550503
23.0239086,72.5550503
23.0232105,72.5555236
23.0232105,72.5555236
23.0232105,72.5555236
23.0232105,72.5555236
23.0226264,72.5559227
23.0226264,72.5559227
23.0226264,72.5559227
23.0226264,72.5559227
23.0226264,72.5559227
23.0226264,72.5559227
23.022738,72.556536
23.022738,72.556536
23.022738,72.556536
23.022738,72.556536
23.022738,72.556536
23.022738,72.556536
23.022738,72.556536
23.0232324,72.5571693
23.0232324,72.5571693
23.0232324,72.5571693
23.0232324,72.5571693
23.0232324,72.5571693
23.0236596,72.5579556
23.0236596,72.5579556
23.0236596,72.5579556
23.0236596,72.5579556
23.0236596,72.5579556
23.0236596,72.5579556
23.0236596,72.5579556
23.0236596,72.5579556
23.0240259,72.5584388
23.0240259,72.5584388
23.0240259,72.5584388
23.0240259,72.5584388
23.0240259,72.5584388
23.0240259,72.5584388
23.0240259,72.5584388
23.0240259,72.5584388
23.0243238,72.5590043
23.0243238,72.5590043
23.0243238,72.5590043
23.0243238,72.5590043
23.0243238,72.5590043
23.0243238,72.5590043
23.0243238,72.5590043
23.0243238,72.5590043
23.0240537,72.5597288
23.0240537,72.5597288
23.0240537,72.5597288
23.0240537,72.5597288
23.0240537,72.5597288
23.0240537,72.5597288
23.0240537,72.5597288
23.0240537,72.5597288
23.0239844,72.5604399
23.0239844,72.5604399
23.0239844,72.5604399
23.0239844,72.5604399
23.0239844,72.5604399
23.0239844,72.5604399
23.0239844,72.5604399
23.0239844,72.5604399
23.0237445,72.5613264
23.0237445,72.5613264
23.0237445,72.5613264
23.0237445,72.5613264
23.0237445,72.5613264
23.0237445,72.5613264
23.0237445,72.5613264
23.0234859,72.5620929
23.0234859,72.5620929
23.0234859,72.5620929
23.0234859,72.5620929
23.0234859,72.5620929
23.0234859,72.5620929
23.0234859,72.5620929
23.0234859,72.5620929
23.0232473,72.5628984
23.0232473,72.5628984
23.0232473,72.5628984
23.0232473,72.5628984
23.0232473,72.5628984
23.0232473,72.5628984
23.0232473,72.5628984
23.0232473,72.5628984
23.0232741,72.5636282
23.0232741,72.5636282
23.0232741,72.5636282
23.0232741,72.5636282
23.0232741,72.5636282
23.0232741,72.5636282
23.0232741,72.5636282
23.0232741,72.5636282
23.0233186,72.5643498
23.0233186,72.5643498
23.0233186,72.5643498
23.0233186,72.5643498
23.0233186,72.5643498
23.0233186,72.5643498
23.0233186,72.5643498
23.0233186,72.5643498
23.0234219,72.5650867
23.0234219,72.5650867
23.0234219,72.5650867
23.0234219,72.5650867
23.0234219,72.5650867
23.0234219,72.5650867
23.0234219,72.5650867
23.0234219,72.5650867
23.0235406,72.5658514
23.0235406,72.5658514
23.0235406,72.5658514
23.0235406,72.5658514
23.0235406,72.5658514
23.0235406,72.5658514
23.0235406,72.5658514
23.0236089,72.5666165
23.0236089,72.5666165
23.0236089,72.5666165
23.0236089,72.5666165
23.0236089,72.5666165
23.0236089,72.5666165
23.0236089,72.5666165
23.0236244,72.5675642
23.0236244,72.5675642
23.0236244,72.5675642
23.0236244,72.5675642
23.0236244,72.5675642
23.0236244,72.5675642
23.0236244,72.5675642
23.0236244,72.5675642
23.0236865,72.568339
23.0236865,72.568339
23.0236865,72.568339
23.0236865,72.568339
23.0236865,72.568339
23.0236865,72.568339
23.0236865,72.568339
23.0236865,72.568339
23.0237006,72.5691234
23.0237006,72.5691234
23.0237006,72.5691234
23.0237006,72.5691234
23.0237006,72.5691234
23.0237006,72.5691234
23.0237006,72.5691234
23.0237184,72.5700034
23.0237184,72.5700034
23.0237184,72.5700034
23.0237184,72.5700034
23.0237184,72.5700034
23.0237184,72.5700034
23.0237184,72.5700034
23.0237184,72.5700034
23.0238134,72.5707319
23.0238134,72.5707319
23.0238134,72.5707319
23.0238134,72.5707319
23.0238134,72.5707319
23.0238134,72.5707319
23.0238134,72.5707319
23.0238134,72.5707319
23.0235046,72.571367
23.0235046,72.571367
23.0235046,72.571367
23.0235046,72.571367
23.0235046,72.571367
23.0235046,72.571367
23.0235046,72.571367
23.0235046,72.571367
23.0227977,72.5714682
23.0227977,72.5714682
23.0227977,72.5714682
23.0227977,72.5714682
23.0227977,72.5714682
23.0227977,72.5714682
23.0227977,72.5714682
23.0227977,72.5714682
23.0226096,72.5720878
23.0226096,72.5720878
23.0226096,72.5720878
23.0226096,72.5720878
23.0226096,72.5720878
23.0226096,72.5720878
23.0226096,72.5720878
23.0226096,72.5720878
23.0225836,72.5728941
23.0225836,72.5728941
23.0225836,72.5728941
23.0225836,72.5728941
23.0225836,72.5728941
23.0225836,72.5728941
23.0225836,72.5728941
23.0225836,72.5728941
23.0225233,72.5736947
23.0225233,72.5736947
23.0225233,72.5736947
23.0225233,72.5736947
23.0225233,72.5736947
23.0225233,72.5736947
23.0225233,72.5736947
23.0225233,72.5736947
23.0224468,72.5751606
23.0224468,72.5751606
23.0224468,72.5751606
23.0224468,72.5751606
23.0224468,72.5751606
23.0224468,72.5751606
23.0224468,72.5751606
23.0224468,72.5751606
23.0224337,72.5758991
23.0224337,72.5758991
23.0224337,72.5758991
23.0224337,72.5758991
23.0224337,72.5758991
23.0224337,72.5758991
23.0224337,72.5758991
23.0224337,72.5758991
23.0223641,72.5767117
23.0223641,72.5767117
23.0223641,72.5767117
23.0223641,72.5767117
23.0223641,72.5767117
23.0223641,72.5767117
23.0223641,72.5767117
23.0223641,72.5767117
23.0223094,72.5774113
23.0223094,72.5774113
23.0223094,72.5774113
23.0223094,72.5774113
23.0223094,72.5774113
23.0223094,72.5774113
23.0223094,72.5774113
23.0223094,72.5774113
23.022181,72.5780255
23.022181,72.5780255
23.022181,72.5780255
23.022181,72.5780255
23.022181,72.5780255
23.022181,72.5780255
23.022181,72.5780255
23.022181,72.5780255
23.0214304,72.5838607
23.0214117,72.5839807
23.0214117,72.5839807
23.0214304,72.5838607
23.0214117,72.5839807
23.0214304,72.5838607
23.0214304,72.5838607
23.0214117,72.5839807
23.0214117,72.5839807
23.0213684,72.5840879
23.0213684,72.5840879
23.0214117,72.5839807
23.0213684,72.5840879
23.0214117,72.5839807
23.0213684,72.5840879
23.0213684,72.5840879
23.0213684,72.5840879
23.0213684,72.5840879
23.0213684,72.5840879
23.0212605,72.5843915
23.0212605,72.5843915
23.0212605,72.5843915
23.0241881,72.5883625
23.0241881,72.5883625
23.0241881,72.5883625
23.0241881,72.5883625
23.0241881,72.5883625
23.0241881,72.5883625
23.02404,72.5884774
23.02404,72.5884774
23.0241504,72.5884572
23.02404,72.5884774
23.0239558,72.5884874
23.0239558,72.5884874
23.0239558,72.5884874
23.0239002,72.5885128
23.0239002,72.5885128
23.0241881,72.5883625
23.0241504,72.5884572
23.0239002,72.5885128
23.02404,72.5884774
23.02404,72.5884774
23.0238294,72.5885524
23.0238294,72.5885524
23.0238294,72.5885524
23.0238294,72.5885524
23.0238294,72.5885524
23.0238294,72.5885524
23.0237512,72.588569
23.0237512,72.588569
23.02404,72.5884774
23.02404,72.5884774
23.02404,72.5884774
23.0238294,72.5885524
23.0237512,72.588569
23.0237512,72.588569
23.0237512,72.588569
23.0238294,72.5885524
23.0237512,72.588569
23.0237512,72.588569
23.0241504,72.5884572
23.0236973,72.5885832
23.0236973,72.5885832
23.0236973,72.5885832
23.0241504,72.5884572
23.0241504,72.5884572
23.0236973,72.5885832
23.0236973,72.5885832
23.0241504,72.5884572
23.0236973,72.5885832
23.0236973,72.5885832
23.0236973,72.5885832
23.0236802,72.5885848
23.0236802,72.5885848
23.0236802,72.5885848
23.0236802,72.5885848
23.0236802,72.5885848
23.0236802,72.5885848
23.0236802,72.5885848
23.0236802,72.5885848
23.0236792,72.5885746
23.0236792,72.5885746
23.0236792,72.5885746
23.0236792,72.5885746
23.0236792,72.5885746
23.0236792,72.5885746
23.0236382,72.5885912
23.0236382,72.5885912
23.0236382,72.5885912
23.0236382,72.5885912
23.0236382,72.5885912
23.0236382,72.5885912
23.0236382,72.5885912
23.0236382,72.5885912
23.0236236,72.5885969
23.0236236,72.5885969
23.0236236,72.5885969
23.0236236,72.5885969
23.0236236,72.5885969
23.0236236,72.5885969
23.0236236,72.5885969
23.0236236,72.5885969
23.0236279,72.588588
23.0236279,72.588588
23.0236279,72.588588
23.0236279,72.588588
23.0236279,72.588588
23.0236283,72.5885546
23.0236283,72.5885546
23.0236283,72.5885546
23.0236283,72.5885546
23.0236283,72.5885546
23.0236283,72.5885546
23.0236283,72.5885546
23.0236283,72.5885546
23.0236791,72.5885154
23.0236874,72.5885284
23.0236791,72.5885154
23.0236874,72.5885284
23.0236874,72.5885284
23.0236874,72.5885284
23.0236791,72.5885154
23.0236791,72.5885154
23.0236879,72.5885179
23.0236879,72.5885179
23.0236879,72.5885179
23.0236879,72.5885179
23.0236705,72.5884986
23.0236705,72.5884986
23.0236705,72.5884986
23.0236879,72.5885179
23.0236874,72.5885284
23.0236874,72.5885284
23.0236705,72.5884986
23.0236639,72.5885062
23.0236639,72.5885062
23.0236705,72.5884986
23.0236705,72.5884986
23.0236639,72.5885062
23.0236639,72.5885062
23.0236639,72.5885062
23.0236647,72.5885315
23.0236647,72.5885315
23.0236647,72.5885315
23.0236639,72.5885062
23.0236647,72.5885315
23.0236791,72.5885154
23.0236647,72.5885315
23.0236647,72.5885315
23.0236715,72.5884726
23.0236639,72.5885062
23.0236791,72.5885154
23.0237003,72.5884987
23.0237003,72.5884987
23.0236647,72.5885315
23.0236791,72.5885154
23.0237003,72.5884987
23.0236791,72.5885154
23.0236421,72.5886013
23.0236421,72.5886013
23.0236399,72.5885839
23.0236399,72.5885839
23.0236399,72.5885839
23.0236421,72.5886013
23.0236421,72.5886013
23.0236142,72.5886126
23.0236142,72.5886126
23.0236142,72.5886126
23.0236142,72.5886126
23.0236142,72.5886126
23.0236142,72.5886126
23.0236399,72.5885839
23.0236421,72.5886013
23.0236142,72.5886126
23.0235536,72.5886281
23.0235536,72.5886281
23.0235536,72.5886281
23.0235536,72.5886281
23.0236397,72.5885728
23.0236397,72.5885728
23.0236397,72.5885728
23.0236397,72.5885728
23.0236397,72.5885728
23.0235536,72.5886281
23.0235071,72.5886313
23.0235071,72.5886313
23.0235071,72.5886313
23.0235071,72.5886313
23.0235071,72.5886313
23.0235071,72.5886313
23.0236397,72.5885728
23.0236397,72.5885728
23.0236397,72.5885728
23.0235071,72.5886313
23.0235071,72.5886313
23.0236399,72.5885839
23.0236399,72.5885839
23.0236399,72.5885839
23.0236399,72.5885839
23.0235052,72.5886409
23.0235052,72.5886409
23.0235052,72.5886409
23.0235052,72.5886409
23.0235052,72.5886409
23.0235052,72.5886409
23.0235052,72.5886409
23.0235052,72.5886409
23.023499,72.5886332
23.023499,72.5886332
23.023499,72.5886332
23.023499,72.5886332
23.023499,72.5886332
23.023499,72.5886332
23.023499,72.5886332
23.023499,72.5886332
23.0234916,72.5886275
23.0234916,72.5886275
23.0234916,72.5886275
23.0234916,72.5886275
23.0234916,72.5886275
23.0234916,72.5886275
23.0234916,72.5886275
23.0234916,72.5886275
23.0234827,72.5886381
23.0234827,72.5886381
23.0234827,72.5886381
23.0234827,72.5886381
23.0234827,72.5886381
23.0234827,72.5886381
23.0234827,72.5886381
23.0234827,72.5886381
23.0234775,72.5886642
23.0234775,72.5886642
23.0234775,72.5886642
23.0234775,72.5886642
23.0234775,72.5886642
23.0234775,72.5886642
23.0234775,72.5886642
23.0234775,72.5886642
23.0234863,72.5886615
23.0234863,72.5886615
23.0234863,72.5886615
23.0234863,72.5886615
23.0234863,72.5886615
23.0234863,72.5886615
23.0234863,72.5886615
23.0234863,72.5886615
23.0235184,72.5886357
23.0235184,72.5886357
23.0235284,72.5886428
23.0235284,72.5886428
23.0235284,72.5886428
23.0235284,72.5886428
23.0235284,72.5886428
23.0235284,72.5886428
23.0235284,72.5886428
23.0235284,72.5886428
23.0235083,72.5886624
23.0235083,72.5886624
23.0235083,72.5886624
23.0235083,72.5886624
23.0235083,72.5886624
23.0235083,72.5886624
23.0235083,72.5886624
23.0235083,72.5886624
23.0235414,72.5885814
23.0235414,72.5885814
23.0235414,72.5885814
23.0235414,72.5885814
23.0235414,72.5885814
23.0235414,72.5885814
23.0235374,72.5885725
23.0235374,72.5885725
23.0235414,72.5885814
23.0235339,72.5886196
23.0235339,72.5886196
23.0235339,72.5886196
23.0235448,72.5885993
23.0235448,72.5885993
23.0235339,72.5886196
23.0235448,72.5885993
23.0235448,72.5885993
23.0235448,72.5885993
23.0235414,72.5885814
23.0235448,72.5885993
23.0235448,72.5885993
23.0235339,72.5886196
23.0235339,72.5886196
23.0235328,72.5886082
23.0235328,72.5886082
23.0235328,72.5886082
23.0235328,72.5886082
23.0235328,72.5886082
23.0235328,72.5886082
23.0235344,72.5886208
23.0235339,72.5886196
23.0235374,72.5885725
23.0235374,72.5885725
23.0235328,72.5886082
23.0235328,72.5886082
23.0235344,72.5886208
23.0235344,72.5886208
23.0235344,72.5886208
23.0235344,72.5886208
23.0235344,72.5886208
23.0235344,72.5886208
23.0235339,72.5886196
23.0235279,72.5886324
23.0235344,72.5886208
23.0235279,72.5886324
23.0235273,72.5886212
23.0235273,72.5886212
23.0235279,72.5886324
23.0235273,72.5886212
23.0235273,72.5886212
23.0235273,72.5886212
23.0235374,72.5885725
23.0235374,72.5885725
23.0235697,72.5886014
23.0235697,72.5886014
23.0235697,72.5886014
23.0235697,72.5886014
23.0235331,72.5885998
23.0235331,72.5885998
23.0235331,72.5885998
23.0235331,72.5885998
23.023643,72.5885803
23.023643,72.5885803
23.023643,72.5885803
23.023643,72.5885803
23.0236864,72.588571
23.0236864,72.588571
23.0236864,72.588571
23.0236864,72.588571
23.0236864,72.588571
23.0236864,72.588571
23.0236864,72.588571
23.0236864,72.588571
23.0236979,72.5885691
23.0236979,72.5885691
23.0236979,72.5885691
23.0236979,72.5885691
23.0236979,72.5885691
23.0236979,72.5885691
23.0237199,72.5885589
23.0237199,72.5885589
23.0237199,72.5885589
23.0237199,72.5885589
23.0237199,72.5885589
23.0237199,72.5885589
23.0237199,72.5885589
23.0237199,72.5885589
23.0237692,72.5885502
23.0237692,72.5885502
23.0237692,72.5885502
23.0237692,72.5885502
23.0237692,72.5885502
23.0237692,72.5885502
23.0237692,72.5885502
23.0237692,72.5885502
23.0238318,72.5885475
23.0238318,72.5885475
23.0238318,72.5885475
23.0238318,72.5885475
23.0238318,72.5885475
23.0238318,72.5885475
23.0238318,72.5885475
23.0238318,72.5885475
23.0239427,72.5884636
23.0239427,72.5884636
23.0239427,72.5884636
23.0239427,72.5884636
23.0239427,72.5884636
23.0239427,72.5884636
23.0239427,72.5884636
23.0239427,72.5884636
23.0240854,72.5884196
23.0240854,72.5884196
23.0240854,72.5884196
23.0240854,72.5884196
23.0240854,72.5884196
23.0240854,72.5884196
23.0240854,72.5884196
23.0240854,72.5884196
23.0240949,72.5884341
23.0240949,72.5884341
23.0240949,72.5884341
23.0240949,72.5884341
23.0240949,72.5884341
23.0240949,72.5884341
23.0240949,72.5884341
23.0240949,72.5884341
23.0241391,72.588443
23.0241391,72.588443
23.0241391,72.588443
23.0241391,72.588443
23.0241391,72.588443
23.0241391,72.588443
23.0241391,72.588443
23.0241391,72.588443
23.0241765,72.5884545
23.0241765,72.5884545
23.0241765,72.5884545
23.0241765,72.5884545
23.0241765,72.5884545
23.0241765,72.5884545
23.0241765,72.5884545
23.0241765,72.5884545
23.0241816,72.5884629
23.0241816,72.5884629
23.0241816,72.5884629
23.0241816,72.5884629
23.0241816,72.5884629
23.0241816,72.5884629
23.0241816,72.5884629
23.0241816,72.5884629
23.0241939,72.5884631
23.0241939,72.5884631
23.0241939,72.5884631
23.0241939,72.5884631
23.0241939,72.5884631
23.0241939,72.5884631
23.0241939,72.5884631
23.0241939,72.5884631
23.0242208,72.588473
23.0242208,72.588473
23.0242208,72.588473
23.0242208,72.588473
23.0242208,72.588473
23.0242208,72.588473
23.0242208,72.588473
23.0242208,72.588473
23.0242144,72.5884556
23.0242144,72.5884556
23.0242144,72.5884556
23.0242144,72.5884556
23.0242144,72.5884556
23.0242144,72.5884556
23.0242144,72.5884556
23.0242144,72.5884556
23.0242196,72.5884456
23.0242196,72.5884456
23.0242196,72.5884456
23.0242196,72.5884456
23.0242196,72.5884456
23.0242196,72.5884456
23.0242196,72.5884456
23.0242196,72.5884456
23.0242237,72.5883241
23.0242237,72.5883241
23.0242237,72.5883241
23.0242237,72.5883241
23.0242237,72.5883241
23.0242237,72.5883241
23.0242237,72.5883241
23.0242237,72.5883241
23.0243702,72.5864163
23.0243889,72.5861818
23.0243889,72.5861818
23.0243889,72.5861818
23.0243702,72.5864163
23.0243889,72.5861818
23.0247859,72.5861399
23.0247859,72.5861399
23.0250368,72.5861236
23.0250368,72.5861236
23.0243702,72.5864163
23.0243889,72.5861818
23.0243702,72.5864163
23.0243702,72.5864163
23.0243702,72.5864163
23.0243889,72.5861818
23.0250368,72.5861236
23.0243532,72.5866914
23.0251912,72.5861501
23.0251912,72.5861501
23.0251912,72.5861501
23.0251912,72.5861501
23.0251912,72.5861501
23.0251912,72.5861501
23.0254277,72.586046
23.0254277,72.586046
23.0243702,72.5864163
23.0254277,72.586046
23.0263762,72.5852082
23.0264563,72.5842598
23.0264563,72.5842598
23.0264563,72.5842598
23.0264563,72.5842598
23.0264563,72.5842598
23.02645,72.5844919
23.0263817,72.5848337
23.02645,72.5844919
23.02645,72.5844919
23.02645,72.5844919
23.0264309,72.5840169
23.0264309,72.5840169
23.0264309,72.5840169
23.0263762,72.5852082
23.0264309,72.5840169
23.0264309,72.5840169
23.0264025,72.5854972
23.0264017,72.5838562
23.0264017,72.5838562
23.0264563,72.5842598
23.02645,72.5844919
23.0264309,72.5840169
23.0264017,72.5838562
23.0264017,72.5838562
23.0264017,72.5838562
23.0264017,72.5838562
23.0264017,72.5838562
23.0264017,72.5838562
23.026393,72.5838616
23.026393,72.5838616
23.026393,72.5838616
23.026393,72.5838616
23.026393,72.5838616
23.0264309,72.5840169
23.0264309,72.5840169
23.02645,72.5844919
23.0263833,72.5838603
23.0263833,72.5838603
23.0263833,72.5838603
23.0263817,72.5848337
23.0263833,72.5838603
23.0263833,72.5838603
23.0263833,72.5838603
23.0263833,72.5838603
23.0263833,72.5838603
23.0263779,72.5837845
23.0263779,72.5837845
23.0263779,72.5837845
23.0263779,72.5837845
23.026379,72.5837551
23.026379,72.5837551
23.026379,72.5837551
23.0263779,72.5837845
23.0263779,72.5837845
23.0263999,72.583719
23.0263999,72.583719
23.0263999,72.583719
23.0263999,72.583719
23.0263999,72.583719
23.0264363,72.5836625
23.0264363,72.5836625
23.0264363,72.5836625
23.0264363,72.5836625
23.0264363,72.5836625
23.0264009,72.5836405
23.0264363,72.5836625
23.0264363,72.5836625
23.0264009,72.5836405
23.0264363,72.5836625
23.0264009,72.5836405
23.0264009,72.5836405
23.0264009,72.5836405
23.0264009,72.5836405
23.02645,72.5844919
23.0264563,72.5842598
23.0264009,72.5836405
23.0263984,72.5836052
23.0263984,72.5836052
23.0263984,72.5836052
23.0263984,72.5836052
23.0263984,72.5836052
23.0263984,72.5836052
23.0263984,72.5836052
23.026424,72.5835274
23.0263984,72.5836052
23.026424,72.5835274
23.026424,72.5835274
23.026424,72.5835274
23.026424,72.5835274
23.0264272,72.5834959
23.0264272,72.5834959
23.0264272,72.5834959
23.0264272,72.5834959
23.026424,72.5835274
23.026424,72.5835274
23.026424,72.5835274
23.0264272,72.5834959
23.0264272,72.5834959
23.0264272,72.5834959
23.0264272,72.5834685
23.0264272,72.5834685
23.0264272,72.5834685
23.0264272,72.5834685
23.0264272,72.5834685
23.0264272,72.5834959
23.0264272,72.5834685
23.0264272,72.5834685
23.0264272,72.5834685
23.0264011,72.5834412
23.0264011,72.5834412
23.0264011,72.5834412
23.0263693,72.5834467
23.0263693,72.5834467
23.0263693,72.5834467
23.0264011,72.5834412
23.0263635,72.5834298
23.0263635,72.5834298
23.0263635,72.5834298
23.0263635,72.5834298
23.0263635,72.5834298
23.0263635,72.5834298
23.0263635,72.5834298
23.0263681,72.5833791
23.0263681,72.5833791
23.0263681,72.5833791
23.0263681,72.5833791
23.0263681,72.5833791
23.0263681,72.5833791
23.0263743,72.5833675
23.0263743,72.5833675
23.0263743,72.5833675
23.0263743,72.5833675
23.0263743,72.5833675
23.0263743,72.5833675
23.0264311,72.5832841
23.0263743,72.5833675
23.0264311,72.5832841
23.0263681,72.5833791
23.0264556,72.5831271
23.0264311,72.5832841
23.0264556,72.5831271
23.0264556,72.5831271
23.0264556,72.5831271
23.0264556,72.5831271
23.0264311,72.5832841
23.0264556,72.5831271
23.0264556,72.5831271
23.0264556,72.5831271
23.0264661,72.5829663
23.0264661,72.5829663
23.0264661,72.5829663
23.0264661,72.5829663
23.0264661,72.5829663
23.0264661,72.5829663
23.0264661,72.5829663
23.0264661,72.5829663
23.0264563,72.5842598
23.0265335,72.5824934
23.0265335,72.5824934
23.0265335,72.5824934
23.0265335,72.5824934
23.0265335,72.5824934
23.0265335,72.5824934
23.0265335,72.5824934
23.0265386,72.5821668
23.0265386,72.5821668
23.0265386,72.5821668
23.0265386,72.5821668
23.0265386,72.5821668
23.0265386,72.5821668
23.0265386,72.5821668
23.0265386,72.5821668
23.0265219,72.5818652
23.0265219,72.5818652
23.0265219,72.5818652
23.0265219,72.5818652
23.0265219,72.5818652
23.0265219,72.5818652
23.0265219,72.5818652
23.0265219,72.5818652
23.0264796,72.5817326
23.0264796,72.5817326
23.0264796,72.5817326
23.0264796,72.5817326
23.0264796,72.5817326
23.0264796,72.5817326
23.0264796,72.5817326
23.026426,72.5816007
23.026426,72.5816007
23.026426,72.5816007
23.026426,72.5816007
23.026426,72.5816007
23.026426,72.5816007
23.026426,72.5816007
23.026426,72.5816007
23.0264195,72.5814561
23.0264195,72.5814561
23.0264195,72.5814561
23.0264195,72.5814561
23.0264195,72.5814561
23.0264195,72.5814561
23.0264195,72.5814561
23.0264195,72.5814561
23.0264313,72.5811537
23.0264313,72.5811537
23.0264313,72.5811537
23.0264313,72.5811537
23.0264313,72.5811537
23.0264313,72.5811537
23.0264313,72.5811537
23.0264313,72.5811537
23.0265248,72.5807837
23.0265248,72.5807837
23.0265248,72.5807837
23.0265248,72.5807837
23.0265248,72.5807837
23.0265248,72.5807837
23.0265248,72.5807837
23.0265248,72.5807837
23.0270327,72.5806457
23.0270327,72.5806457
23.0270327,72.5806457
23.0270327,72.5806457
23.0270327,72.5806457
23.0270327,72.5806457
23.0270327,72.5806457
23.0270327,72.5806457
23.0272624,72.5801191
23.0272624,72.5801191
23.0272624,72.5801191
23.0272624,72.5801191
23.0272624,72.5801191
23.0272624,72.5801191
23.0272624,72.5801191
23.0272624,72.5801191
23.0272505,72.5794548
23.0272505,72.5794548
23.0272505,72.5794548
23.0272505,72.5794548
23.0272505,72.5794548
23.0272505,72.5794548
23.0272505,72.5794548
23.0272505,72.5794548
23.0272219,72.5786895
23.0272219,72.5786895
23.0272219,72.5786895
23.0272219,72.5786895
23.0272219,72.5786895
23.0272219,72.5786895
23.0272219,72.5786895
23.0272219,72.5786895
23.0271469,72.5779058
23.0271469,72.5779058
23.0271469,72.5779058
23.0271469,72.5779058
23.0271469,72.5779058
23.0271469,72.5779058
23.0271469,72.5779058
23.0271469,72.5779058
23.0271102,72.5771807
23.0271102,72.5771807
23.0271102,72.5771807
23.0271102,72.5771807
23.0271102,72.5771807
23.0271102,72.5771807
23.0271102,72.5771807
23.0271102,72.5771807
23.0270558,72.5765404
23.0270558,72.5765404
23.0270558,72.5765404
23.0270558,72.5765404
23.0270558,72.5765404
23.0270558,72.5765404
23.0270558,72.5765404
23.0270558,72.5765404
23.0269507,72.5757561
23.0269507,72.5757561
23.0269507,72.5757561
23.0269507,72.5757561
23.0269507,72.5757561
23.0269507,72.5757561
23.0269507,72.5757561
23.0269507,72.5757561
23.0269211,72.5749639
23.0269211,72.5749639
23.0269211,72.5749639
23.0269211,72.5749639
23.0269211,72.5749639
23.0268571,72.5741858
23.0268571,72.5741858
23.0268571,72.5741858
23.0268571,72.5741858
23.0268571,72.5741858
23.0268033,72.573443
23.0268033,72.573443
23.0268033,72.573443
23.0267658,72.5726869
23.0267658,72.5726869
23.0267658,72.5726869
23.0267658,72.5726869
23.0267658,72.5726869
23.0267658,72.5726869
23.0267658,72.5726869
23.0266851,72.5718872
23.0266851,72.5718872
23.0266851,72.5718872
23.0266851,72.5718872
23.0266851,72.5718872
23.0266851,72.5718872
23.0266851,72.5718872
23.0266851,72.5718872
23.0266957,72.571302
23.0266957,72.571302
23.0266957,72.571302
23.0266957,72.571302
23.0266957,72.571302
23.0266957,72.571302
23.0266957,72.571302
23.0266957,72.571302
23.0271039,72.5710952
23.0271039,72.5710952
23.0271039,72.5710952
23.0271039,72.5710952
23.0271039,72.5710952
23.0271039,72.5710952
23.0271039,72.5710952
23.0271039,72.5710952
23.027831,72.5709993
23.027831,72.5709993
23.027831,72.5709993
23.0284582,72.5707934
23.0284582,72.5707934
23.0284582,72.5707934
23.0284582,72.5707934
23.0284582,72.5707934
23.0284582,72.5707934
23.0284582,72.5707934
23.0284582,72.5707934
23.0291553,72.5705207
23.0291553,72.5705207
23.0291553,72.5705207
23.0291553,72.5705207
23.0291553,72.5705207
23.0291553,72.5705207
23.0291553,72.5705207
23.0291553,72.5705207
23.0297728,72.5704355
23.0297728,72.5704355
23.0297728,72.5704355
23.0297728,72.5704355
23.0297728,72.5704355
23.0297728,72.5704355
23.0297728,72.5704355
23.0297728,72.5704355
23.0305137,72.5705273
23.0305137,72.5705273
23.0305137,72.5705273
23.0305137,72.5705273
23.0305137,72.5705273
23.0305137,72.5705273
23.0305137,72.5705273
23.0305137,72.5705273
23.0312431,72.5705703
23.0312431,72.5705703
23.0312431,72.5705703
23.0312431,72.5705703
23.0312431,72.5705703
23.0312431,72.5705703
23.0312431,72.5705703
23.0312431,72.5705703
23.0319028,72.5704037
23.0319028,72.5704037
23.0319028,72.5704037
23.0319028,72.5704037
23.0319028,72.5704037
23.0319028,72.5704037
23.0319028,72.5704037
23.0319028,72.5704037
23.0325224,72.570068
23.0325224,72.570068
23.0325224,72.570068
23.0325224,72.570068
23.0325224,72.570068
23.0325224,72.570068
23.0325224,72.570068
23.0325224,72.570068
23.0331632,72.5698025
23.0331632,72.5698025
23.0331632,72.5698025
23.0331632,72.5698025
23.0331632,72.5698025
23.0331632,72.5698025
23.0331632,72.5698025
23.0331632,72.5698025
23.033865,72.5694466
23.033865,72.5694466
23.033865,72.5694466
23.033865,72.5694466
23.033865,72.5694466
23.033865,72.5694466
23.033865,72.5694466
23.033865,72.5694466
23.0345554,72.5691753
23.0345554,72.5691753
23.0345554,72.5691753
23.0345554,72.5691753
23.0345554,72.5691753
23.0345554,72.5691753
23.0345554,72.5691753
23.0345554,72.5691753
23.0352593,72.5689036
23.0352593,72.5689036
23.0352593,72.5689036
23.0352593,72.5689036
23.0352593,72.5689036
23.0352593,72.5689036
23.0352593,72.5689036
23.0359081,72.5688267
23.0359081,72.5688267
23.0359081,72.5688267
23.0359081,72.5688267
23.0359081,72.5688267
23.0359081,72.5688267
23.0359081,72.5688267
23.0359081,72.5688267
23.0410451,72.5692313
23.0410451,72.5692313
23.0410451,72.5692313
23.0410451,72.5692313
23.041724,72.5694025
23.041724,72.5694025
23.041724,72.5694025
23.041724,72.5694025
23.0430121,72.5693883
23.0430121,72.5693883
23.0430121,72.5693883
23.0424432,72.5694454
23.0430121,72.5693883
23.0430121,72.5693883
23.0436445,72.5696343
23.0436445,72.5696343
23.0436445,72.5696343
23.0436445,72.5696343
23.0443601,72.5698151
23.0436445,72.5696343
23.0443601,72.5698151
23.0424432,72.5694454
23.0424432,72.5694454
23.0424432,72.5694454
23.0449118,72.5699391
23.0449118,72.5699391
23.0430121,72.5693883
23.0443601,72.5698151
23.0449118,72.5699391
23.0449118,72.5699391
23.0449118,72.5699391
23.0456427,72.5700904
23.0456427,72.5700904
23.0456427,72.5700904
23.0463948,72.5702695
23.0463948,72.5702695
23.0463948,72.5702695
23.0470733,72.570452
23.0470733,72.570452
23.0470733,72.570452
23.047585,72.5707287
23.047585,72.5707287
23.047585,72.5707287
23.047585,72.5707287
23.0483032,72.5709985
23.0483032,72.5709985
23.0483032,72.5709985
23.047585,72.5707287
23.0483032,72.5709985
23.0483032,72.5709985
23.0483032,72.5709985
23.048979,72.5710986
23.048979,72.5710986
23.047585,72.5707287
23.0483032,72.5709985
23.0496924,72.571152
23.0496924,72.571152
23.0496924,72.571152
23.0496924,72.571152
23.0496924,72.571152
23.0496924,72.571152
23.0504788,72.5712316
23.0504788,72.5712316
23.0424432,72.5694454
23.0424432,72.5694454
23.041724,72.5694025
23.041724,72.5694025
23.0424432,72.5694454
23.041724,72.5694025
23.0424432,72.5694454
23.0511741,72.5712882
23.0511741,72.5712882
23.0511741,72.5712882
23.0511741,72.5712882
23.0511741,72.5712882
23.0511741,72.5712882
23.0511741,72.5712882
23.0511741,72.5712882
23.0519075,72.5713267
23.0519075,72.5713267
23.0519075,72.5713267
23.0519075,72.5713267
23.0519075,72.5713267
23.0519075,72.5713267
23.0519075,72.5713267
23.0519075,72.5713267
23.052451,72.5712687
23.052451,72.5712687
23.0523855,72.5705596
23.0523855,72.5705596
23.0523855,72.5705596
23.0523855,72.5705596
23.0523855,72.5705596
23.0523855,72.5705596
23.0523855,72.5705596
23.0523855,72.5705596
23.0522158,72.5697529
23.0522158,72.5697529
23.0522158,72.5697529
23.0522158,72.5697529
23.0522158,72.5697529
23.0522158,72.5697529
23.0522158,72.5697529
23.0522158,72.5697529
23.0520555,72.5689287
23.0520555,72.5689287
23.0520555,72.5689287
23.0520555,72.5689287
23.0520555,72.5689287
23.0520555,72.5689287
23.0520555,72.5689287
23.0520555,72.5689287
23.0518166,72.5682182
23.0518166,72.5682182
23.0518166,72.5682182
23.0518166,72.5682182
23.0518166,72.5682182
23.0518166,72.5682182
23.0518166,72.5682182
23.0518166,72.5682182
23.0521488,72.5633452
23.0521488,72.5633452
23.0521488,72.5633452
23.0522299,72.5638009
23.0521488,72.5633452
23.0521488,72.5633452
23.0521488,72.5633452
23.0521488,72.5633452
23.0521438,72.5629951
23.0521438,72.5629951
23.0521438,72.5629951
23.0521438,72.5629951
23.0522014,72.5622879
23.0522014,72.5622879
23.0522014,72.5622879
23.0522014,72.5622879
23.0523595,72.5577692
23.0522854,72.559298
23.0522854,72.559298
23.0522854,72.559298
23.0522854,72.559298
23.0523595,72.5577692
23.0523595,72.5577692
23.0523775,72.5570016
23.0523775,72.5570016
23.0523775,72.5570016
23.0523775,72.5570016
23.0523213,72.5562182
23.0523213,72.5562182
23.0523213,72.5562182
23.0522577,72.5554506
23.0522577,72.5554506
23.0522577,72.5554506
23.0522577,72.5554506
23.0522577,72.5554506
23.0523213,72.5562182
23.0522577,72.5554506
23.0523213,72.5562182
23.0523595,72.5577692
23.0523595,72.5577692
23.0522577,72.5554506
23.0522577,72.5554506
23.052218,72.5546021
23.052218,72.5546021
23.052218,72.5546021
23.052218,72.5546021
23.052218,72.5546021
23.052218,72.5546021
23.052218,72.5546021
23.052161,72.5537533
23.052161,72.5537533
23.052161,72.5537533
23.052161,72.5537533
23.0521371,72.5529819
23.0521371,72.5529819
23.0521371,72.5529819
23.0521371,72.5529819
23.0521371,72.5529819
23.0521371,72.5529819
23.0523775,72.5570016
23.0523595,72.5577692
23.052161,72.5537533
23.0523595,72.5577692
23.0523775,72.5570016
23.0521198,72.5522779
23.0521198,72.5522779
23.0521198,72.5522779
23.0521198,72.5522779
23.0520789,72.5516354
23.0520789,72.5516354
23.0520789,72.5516354
23.0520789,72.5516354
23.0520789,72.5516354
23.0520789,72.5516354
23.0520789,72.5516354
23.0520789,72.5516354
23.0521181,72.5509019
23.0521181,72.5509019
23.0523213,72.5562182
23.0521663,72.5502191
23.0523595,72.5577692
23.0523775,72.5570016
23.0521663,72.5502191
23.0521663,72.5502191
23.0521663,72.5502191
23.0521663,72.5502191
23.0521663,72.5502191
23.0522724,72.5496706
23.0522724,72.5496706
23.0522724,72.5496706
23.0522724,72.5496706
23.0522724,72.5496706
23.0527476,72.5499003
23.0534092,72.5498502
23.0534092,72.5498502
23.0534092,72.5498502
23.0534092,72.5498502
23.0534092,72.5498502
23.0534092,72.5498502
23.0534092,72.5498502
23.0534092,72.5498502
23.0540176,72.5498387
23.0540176,72.5498387
23.0540176,72.5498387
23.0540176,72.5498387
23.0540176,72.5498387
23.0540176,72.5498387
23.0540176,72.5498387
23.0540176,72.5498387
23.0545524,72.5497899
23.0545524,72.5497899
23.0545524,72.5497899
23.0545524,72.5497899
23.0547199,72.5493219
23.0547199,72.5493219
23.0547199,72.5493219
23.0547199,72.5493219
23.0547199,72.5493219
23.0547199,72.5493219
23.0551444,72.5487036
23.0551444,72.5487036
23.0551444,72.5487036
23.0551444,72.5487036
23.0551444,72.5487036
23.0554187,72.5480514
23.0554187,72.5480514
23.0554187,72.5480514
23.0554187,72.5480514
23.0554187,72.5480514
23.0554187,72.5480514
23.0551444,72.5487036
23.0551444,72.5487036
23.0551003,72.5479969
23.0551003,72.5479969
23.0551003,72.5479969
23.0551003,72.5479969
23.0551003,72.5479969
23.0551003,72.5479969
23.0551003,72.5479969
23.055028,72.5480058
23.055028,72.5480058
23.0550015,72.5480281
23.055028,72.5480058
23.0550015,72.5480281
23.055028,72.5480058
23.055028,72.5480058
23.055028,72.5480058
23.0550015,72.5480281
23.0550015,72.5480281
23.0550015,72.5480281
23.055028,72.5480058
23.055028,72.5480058
23.0549818,72.5480361
23.0549818,72.5480361
23.0549818,72.5480361
23.0549818,72.5480361
23.0549818,72.5480361
23.0550015,72.5480281
23.0549818,72.5480361
23.0549818,72.5480361
23.0549523,72.5480512
23.0549523,72.5480512
23.0549523,72.5480512
23.0549523,72.5480512
23.0549523,72.5480512
23.0549523,72.5480512
23.0550015,72.5480281
23.0549449,72.5480662
23.0549449,72.5480662
23.0549449,72.5480662
23.0549339,72.5480649
23.0549339,72.5480649
23.0549339,72.5480649
23.0549339,72.5480649
23.0549339,72.5480649
23.0549233,72.548038
23.0549233,72.548038
23.0549233,72.548038
23.0549233,72.548038
23.0549233,72.548038
23.0549195,72.5480271
23.0549195,72.5480271
23.0549233,72.548038
23.0549233,72.548038
23.0549233,72.548038
23.0549195,72.5480271
23.0549195,72.5480271
23.0546145,72.5476693
23.0546145,72.5476693
23.0546145,72.5476693
23.0546145,72.5476693
23.0540915,72.5474236
23.0540915,72.5474236
23.0540915,72.5474236
23.0540915,72.5474236
23.0540915,72.5474236
23.0540915,72.5474236
23.0540915,72.5474236
23.0540915,72.5474236
23.0535459,72.5471779
23.0535459,72.5471779
23.0535459,72.5471779
23.0535459,72.5471779
23.0535459,72.5471779
23.0535459,72.5471779
23.0535459,72.5471779
23.0535459,72.5471779
23.0528175,72.5470361
23.0528175,72.5470361
23.0528175,72.5470361
23.0528175,72.5470361
23.0528175,72.5470361
23.0528175,72.5470361
23.0528175,72.5470361
23.0528175,72.5470361
23.0519999,72.5468562
23.0519999,72.5468562
23.0519999,72.5468562
23.0519999,72.5468562
23.0519999,72.5468562
23.0519999,72.5468562
23.0519999,72.5468562
23.0519999,72.5468562
23.0514822,72.5466979
23.0514822,72.5466979
23.0514822,72.5466979
23.0514822,72.5466979
23.0514822,72.5466979
23.0514822,72.5466979
23.0514822,72.5466979
23.0514822,72.5466979
23.0509025,72.5463811
23.0509025,72.5463811
23.0509025,72.5463811
23.0509025,72.5463811
23.0502072,72.5459929
23.0502072,72.5459929
23.0502072,72.5459929
23.0502072,72.5459929
23.0502072,72.5459929
23.0502072,72.5459929
23.0502072,72.5459929
23.0502072,72.5459929
23.0496869,72.5455449
23.0496869,72.5455449
23.0496869,72.5455449
23.0496869,72.5455449
23.0496869,72.5455449
23.0496869,72.5455449
23.0496869,72.5455449
23.0496869,72.5455449
23.0491546,72.5451121
23.0491546,72.5451121
23.0491546,72.5451121
23.0491546,72.5451121
23.0491546,72.5451121
23.0491546,72.5451121
23.0491546,72.5451121
23.0491546,72.5451121
23.0485542,72.5446282
23.0485542,72.5446282
23.0485542,72.5446282
23.0485542,72.5446282
23.0485542,72.5446282
23.0479049,72.5441261
23.0479049,72.5441261
23.0479049,72.5441261
23.0479049,72.5441261
23.0479049,72.5441261
23.0479049,72.5441261
23.0479049,72.5441261
23.0479049,72.5441261
23.0473549,72.5436891
23.0473549,72.5436891
23.0473549,72.5436891
23.0473549,72.5436891
23.0473549,72.5436891
23.0473549,72.5436891
23.0473549,72.5436891
23.0473549,72.5436891
23.0465527,72.5431793
23.0465527,72.5431793
23.0465527,72.5431793
23.0465527,72.5431793
23.0465527,72.5431793
23.0465527,72.5431793
23.0465527,72.5431793
23.0465527,72.5431793
23.0456973,72.5426348
23.0456973,72.5426348
23.0456973,72.5426348
23.0456973,72.5426348
23.0456973,72.5426348
23.0456973,72.5426348
23.0456973,72.5426348
23.0456973,72.5426348
23.0450182,72.542191
23.0450182,72.542191
23.0450182,72.542191
23.0450182,72.542191
23.0450182,72.542191
23.0450182,72.542191
23.0441614,72.541622
23.0441614,72.541622
23.0441614,72.541622
23.0441614,72.541622
23.0441614,72.541622
23.0441614,72.541622
23.0441614,72.541622
23.0441614,72.541622
23.0433899,72.5411168
23.0433899,72.5411168
23.0433899,72.5411168
23.0433899,72.5411168
23.0433899,72.5411168
23.0433899,72.5411168
23.0433899,72.5411168
23.0433899,72.5411168
23.042703,72.540583
23.042703,72.540583
23.042703,72.540583
23.042703,72.540583
23.042703,72.540583
23.042703,72.540583
23.042703,72.540583
23.0419429,72.540021
23.0419429,72.540021
23.0419429,72.540021
23.0411659,72.5394611
23.0411659,72.5394611
23.0411659,72.5394611
23.0411659,72.5394611
23.0411659,72.5394611
23.0411659,72.5394611
23.0411659,72.5394611
23.0403686,72.5389844
23.0403686,72.5389844
23.0403686,72.5389844
23.0403686,72.5389844
23.0403686,72.5389844
23.0403686,72.5389844
23.0403686,72.5389844
23.0395857,72.5386496
23.0395857,72.5386496
23.0395857,72.5386496
23.0395857,72.5386496
23.0395857,72.5386496
23.0395857,72.5386496
23.0395857,72.5386496
23.0395857,72.5386496
23.0387387,72.5382137
23.0387387,72.5382137
23.0387387,72.5382137
23.0387387,72.5382137
23.0387387,72.5382137
23.0387387,72.5382137
23.0387387,72.5382137
23.0379681,72.5378206
23.0379681,72.5378206
23.0379681,72.5378206
23.0379681,72.5378206
23.0379681,72.5378206
23.0379681,72.5378206
23.0379681,72.5378206
23.0379681,72.5378206
23.037138,72.5373977
23.037138,72.5373977
23.037138,72.5373977
23.037138,72.5373977
23.037138,72.5373977
23.037138,72.5373977
23.037138,72.5373977
23.037138,72.5373977
23.0363759,72.5369956
23.0363759,72.5369956
23.0363759,72.5369956
23.0363759,72.5369956
23.0363759,72.5369956
23.0363759,72.5369956
23.0363759,72.5369956
23.0363759,72.5369956
23.035582,72.5366306
23.035582,72.5366306
23.035582,72.5366306
23.035582,72.5366306
23.035582,72.5366306
23.035582,72.5366306
23.035582,72.5366306
23.035582,72.5366306
23.0348583,72.5362443
23.0348583,72.5362443
23.0348583,72.5362443
23.0348583,72.5362443
23.0348583,72.5362443
23.0348583,72.5362443
23.0348583,72.5362443
23.0348583,72.5362443
23.0343113,72.5359529
23.0343113,72.5359529
23.0343113,72.5359529
23.0343113,72.5359529
23.0343113,72.5359529
23.0343113,72.5359529
23.0343113,72.5359529
23.0343113,72.5359529
23.0342528,72.535786
23.0342528,72.535786
23.0342528,72.535786
23.0342528,72.535786
23.0342528,72.535786
23.0342528,72.535786
23.0342528,72.535786
23.0342528,72.535786
23.0348184,72.5359874
23.0348184,72.5359874
23.0348184,72.5359874
23.0348184,72.5359874
23.0348184,72.5359874
23.0354719,72.5363034
23.0354719,72.5363034
23.0354719,72.5363034
23.0361963,72.5366931
23.0361963,72.5366931
23.0361963,72.5366931
23.0361963,72.5366931
23.0361963,72.5366931
23.0361963,72.5366931
23.0361963,72.5366931
23.0361963,72.5366931
23.0368122,72.5368673
23.0368122,72.5368673
23.0368122,72.5368673
23.0368122,72.5368673
23.0368122,72.5368673
23.0368122,72.5368673
23.0368122,72.5368673
23.0368122,72.5368673
23.0371916,72.5363108
23.0371916,72.5363108
23.0371916,72.5363108
23.0371916,72.5363108
23.0371916,72.5363108
23.0371916,72.5363108
23.0374607,72.5355557
23.0374607,72.5355557
23.0374607,72.5355557
23.0374607,72.5355557
23.0374607,72.5355557
23.0374607,72.5355557
23.0374607,72.5355557
23.0374607,72.5355557
23.0377286,72.5348619
23.0377286,72.5348619
23.0377286,72.5348619
23.0377286,72.5348619
23.0377286,72.5348619
23.0377286,72.5348619
23.0377286,72.5348619
23.0380828,72.534031
23.0380828,72.534031
23.0380828,72.534031
23.0380828,72.534031
23.0380828,72.534031
23.0380828,72.534031
23.0380828,72.534031
23.0380828,72.534031
23.0384498,72.5332501
23.0384498,72.5332501
23.0384498,72.5332501
23.0384498,72.5332501
23.0384498,72.5332501
23.0384498,72.5332501
23.0384498,72.5332501
23.0384498,72.5332501
23.0387888,72.5327233
23.0387888,72.5327233
23.0387888,72.5327233
23.0387888,72.5327233
23.0387888,72.5327233
23.0387888,72.5327233
23.0387888,72.5327233
23.0387888,72.5327233
23.0391477,72.5323259
23.0391477,72.5323259
23.0391477,72.5323259
23.0391477,72.5323259
23.0391477,72.5323259
23.0391477,72.5323259
23.0391477,72.5323259
23.0391477,72.5323259
23.0396575,72.5322028
23.0396575,72.5322028
23.0396575,72.5322028
23.0396575,72.5322028
23.0398527,72.5325884
23.0398527,72.5325884
23.0398527,72.5325884
23.0398398,72.5325925
23.0398398,72.5325925
23.0398398,72.5325925
23.0398398,72.5325925
23.0398398,72.5325925
23.0397906,72.5326132
23.0397906,72.5326132
23.0397906,72.5326132
23.0397906,72.5326132
23.0397906,72.5326132
23.0397906,72.5326132
23.0397906,72.5326132
23.0397906,72.5326132
23.0397753,72.5326159
23.0397753,72.5326159
23.0397753,72.5326159
23.0397753,72.5326159
23.0397753,72.5326159
23.0397681,72.5326227
23.0397681,72.5326227
23.0397681,72.5326227
23.0397753,72.5326159
23.039732,72.5326337
23.039732,72.5326337
23.039732,72.5326337
23.0397681,72.5326227
23.0397646,72.5326633
23.0397646,72.5326633
23.0397646,72.5326633
23.0397646,72.5326633
23.039732,72.5326337
23.0397121,72.5326878
23.0397121,72.5326878
23.0397121,72.5326878
23.0397121,72.5326878
23.0397753,72.5326159
23.0397259,72.5326374
23.0397259,72.5326374
23.0397753,72.5326159
23.0397121,72.5326878
23.0397121,72.5326878
23.039732,72.5326337
23.0397303,72.5326654
23.0397303,72.5326654
23.0397303,72.5326654
23.0397303,72.5326654
23.0397303,72.5326654
23.0397259,72.5326374
23.0397259,72.5326374
23.0397259,72.5326374
23.0397303,72.5326654
23.0396818,72.5326218
23.0396818,72.5326218
23.0396818,72.5326218
23.0396818,72.5326218
23.0396818,72.5326218
23.0397303,72.5326654
23.0396666,72.5326009
23.0396666,72.5326009
23.0396666,72.5326009
23.0396666,72.5326009
23.0396666,72.5326009
23.0398527,72.5325884
23.0398398,72.5325925
23.0398398,72.5325925
23.0396742,72.5326084
23.0396742,72.5326084
23.0396742,72.5326084
23.0396742,72.5326084
23.0396742,72.5326084
23.0396742,72.5326084
23.0396742,72.5326084
23.0396913,72.5326012
23.0396913,72.5326012
23.0396913,72.5326012
23.0396913,72.5326012
23.0396913,72.5326012
23.0396913,72.5326012
23.0396913,72.5326012
23.0396774,72.5326073
23.0396774,72.5326073
23.0396774,72.5326073
23.0396774,72.5326073
23.0396774,72.5326073
23.0396774,72.5326073
23.0396774,72.5326073
23.0396958,72.5326346
23.0396958,72.5326346
23.0396958,72.5326346
23.0396958,72.5326346
23.0396958,72.5326346
23.0396958,72.5326346
23.0396958,72.5326346
23.0396958,72.5326346
23.0397326,72.5326377
23.0397326,72.5326377
23.0397326,72.5326377
23.0397326,72.5326377
23.0397326,72.5326377
23.0397326,72.5326377
23.0397326,72.5326377
23.0397326,72.5326377
23.0396967,72.5326319
23.0396967,72.5326319
23.0396967,72.5326319
23.0396967,72.5326319
23.0396967,72.5326319
23.0396967,72.5326319
23.0396967,72.5326319
23.0396929,72.532649
23.0396929,72.532649
23.0396929,72.532649
23.0396929,72.532649
23.0396929,72.532649
23.0396929,72.532649
23.0396929,72.532649
23.0396929,72.532649
23.0397021,72.5326433
23.0397021,72.5326433
