18.511804,73.9234558
18.5119101,73.9234804
18.5119101,73.9234804
18.5118163,73.9234673
18.5118163,73.9234673
18.5118163,73.9234673
18.5119101,73.9234804
18.5119101,73.9234804
18.5119101,73.9234804
18.5119101,73.9234804
18.5118613,73.9234673
18.5118613,73.9234673
18.5119101,73.9234804
18.5119101,73.9234804
18.5118613,73.9234673
18.5118613,73.9234673
18.5118613,73.9234673
18.5118613,73.9234673
18.5118613,73.9234673
18.5118613,73.9234673
18.5118613,73.9234673
18.5118613,73.9234673
18.5118613,73.9234673
18.5118613,73.9234673
18.5118613,73.9234673
18.5118613,73.9234673
18.5118613,73.9234673
18.5118613,73.9234673
18.5118613,73.9234673
18.5117835,73.9234788
18.5118265,73.9234558
18.5118265,73.9234558
18.5118265,73.9234558
18.5118265,73.9234558
18.511804,73.9234558
18.511804,73.9234558
18.511804,73.9234558
18.511804,73.9234558
18.511804,73.9234558
18.511804,73.9234558
18.511804,73.9234558
18.5117325,73.9234099
18.5117325,73.9234099
18.5117325,73.9234099
18.5117325,73.9234099
18.5117325,73.9234099
18.5117325,73.9234099
18.5117325,73.9234099
18.511804,73.9234558
18.511804,73.9234558
18.511804,73.9234558
18.5119678,73.9233984
18.5117702,73.9234406
18.5117702,73.9234406
18.5117702,73.9234406
18.5117702,73.9234406
18.5117702,73.9234406
18.5117702,73.9234406
18.5117702,73.9234406
18.5117702,73.9234406
18.5117702,73.9234406
18.5117702,73.9234406
18.5117702,73.9234406
18.5117702,73.9234406
18.5117702,73.9234406
18.5117702,73.9234406
18.5117702,73.9234406
18.5117702,73.9234406
18.5117702,73.9234406
18.5117702,73.9234406
18.5117815,73.9234558
18.5117815,73.9234558
18.5117815,73.9234558
18.5117815,73.9234558
18.5117815,73.9234558
18.5117815,73.9234558
18.5117815,73.9234558
18.5117815,73.9234558
18.5117815,73.9234558
18.5117815,73.9234558
18.5117815,73.9234558
18.5117815,73.9234558
18.5117815,73.9234558
18.5117815,73.9234558
18.5117815,73.9234558
18.5117815,73.9234558
18.5117815,73.9234558
18.5117815,73.9234558
18.5117815,73.9234558
18.5117815,73.9234558
18.5117702,73.9234406
18.5117702,73.9234406
18.5117702,73.9234406
18.5117702,73.9234406
18.5117702,73.9234406
18.5117702,73.9234406
18.5117815,73.9234558
18.5117815,73.9234558
18.5117815,73.9234558
18.5117815,73.9234558
18.5117815,73.9234558
18.5119101,73.9234804
18.5119101,73.9234804
18.5119101,73.9234804
18.5118285,73.9234788
18.5118285,73.9234788
18.5118285,73.9234788
18.5118285,73.9234788
18.5118265,73.9234558
18.5118265,73.9234558
18.5118265,73.9234558
18.5118795,73.9235477
18.5118795,73.9235477
18.5118795,73.9235477
18.5118795,73.9235477
18.5118795,73.9235477
18.5118795,73.9235477
18.5118795,73.9235477
18.5118795,73.9235477
18.5118795,73.9235477
18.5118795,73.9235477
18.5118795,73.9235477
18.5118795,73.9235477
18.5118795,73.9235477
18.5118795,73.9235477
18.5118795,73.9235477
18.511947,73.9235477
18.511947,73.9235477
18.511947,73.9235477
18.511947,73.9235477
18.511947,73.9235477
18.511947,73.9235477
18.511947,73.9235477
18.5117815,73.9234558
18.5117815,73.9234558
18.5117815,73.9234558
18.5117815,73.9234558
18.5118285,73.9234788
18.5118285,73.9234788
18.5118285,73.9234788
18.5118285,73.9234788
18.5118285,73.9234788
18.5117673,73.9234214
18.5117673,73.9234214
18.5117673,73.9234214
18.5117673,73.9234214
18.5117673,73.9234214
18.5117673,73.9234214
18.5117673,73.9234214
18.5117673,73.9234214
18.5117673,73.9234214
18.5117673,73.9234214
18.5117673,73.9234214
18.5117673,73.9234214
18.5117673,73.9234214
18.5117673,73.9234214
18.5117673,73.9234214
18.5117673,73.9234214
18.5117673,73.9234214
18.5117673,73.9234214
18.5117673,73.9234214
18.5117673,73.9234214
18.5117815,73.9234558
18.5117815,73.9234558
18.5117815,73.9234558
18.511849,73.9234558
18.511849,73.9234558
18.511849,73.9234558
18.511849,73.9234558
18.511849,73.9234558
18.5117815,73.9234558
18.5117815,73.9234558
18.5117815,73.9234558
18.5117815,73.9234558
18.5117815,73.9234558
18.5117815,73.9234558
18.51195,73.9235156
18.51195,73.9235156
18.51195,73.9235156
18.51195,73.9235156
18.51195,73.9235156
18.51195,73.9235156
18.51195,73.9235156
18.51195,73.9235156
18.51195,73.9235156
18.51195,73.9235156
18.51195,73.9235156
18.51195,73.9235156
18.51195,73.9235156
18.51195,73.9235156
18.51195,73.9235156
18.51195,73.9235156
18.51195,73.9235156
18.51195,73.9235156
18.51195,73.9235156
18.511755,73.9234099
18.511755,73.9234099
18.511802,73.9234329
18.5118163,73.9234673
18.5118163,73.9234673
18.5118163,73.9234673
18.5118163,73.9234673
18.5118163,73.9234673
18.5118163,73.9234673
18.5118163,73.9234673
18.5117775,73.9234099
18.511802,73.9234329
18.511802,73.9234329
18.5118265,73.9234558
18.5118265,73.9234558
18.5118285,73.9234788
18.5118285,73.9234788
18.5118285,73.9234788
18.5118285,73.9234788
18.5118285,73.9234788
18.5118285,73.9234788
18.5118285,73.9234788
18.5118285,73.9234788
18.5118285,73.9234788
18.5118285,73.9234788
18.5118285,73.9234788
18.5118285,73.9234788
18.5117835,73.9234788
18.5117835,73.9234788
18.5117702,73.9234406
18.5117702,73.9234406
18.5117702,73.9234406
18.5117702,73.9234406
18.5117702,73.9234406
18.5117702,73.9234406
18.5117702,73.9234406
18.5117702,73.9234406
18.5117702,73.9234406
18.5117702,73.9234406
18.5117702,73.9234406
18.51195,73.9235156
18.51195,73.9235156
18.51195,73.9235156
18.5118163,73.9234673
18.5118163,73.9234673
18.5118163,73.9234673
18.5118163,73.9234673
18.5118163,73.9234673
18.5117702,73.9234406
18.5117702,73.9234406
18.5117702,73.9234406
18.5117702,73.9234406
18.5117702,73.9234406
18.5117673,73.9234214
18.5117673,73.9234214
18.5117815,73.9234558
18.5117815,73.9234558
18.5117815,73.9234558
18.511804,73.9234558
18.511804,73.9234558
18.5117815,73.9234558
18.5117815,73.9234558
18.5117815,73.9234558
18.5117815,73.9234558
18.5117815,73.9234558
18.5117815,73.9234558
18.5117815,73.9234558
18.5117815,73.9234558
18.5117815,73.9234558
18.5117815,73.9234558
18.5117815,73.9234558
18.5117815,73.9234558
18.5117815,73.9234558
18.5117815,73.9234558
18.5117815,73.9234558
18.5117815,73.9234558
18.5117815,73.9234558
18.5117815,73.9234558
18.5117815,73.9234558
18.5117815,73.9234558
18.5117713,73.9234673
18.5117713,73.9234673
18.5117713,73.9234673
18.5117713,73.9234673
18.5117713,73.9234673
18.5117713,73.9234673
18.5117713,73.9234673
18.5117713,73.9234673
18.5117713,73.9234673
18.5117713,73.9234673
18.5117713,73.9234673
18.5118163,73.9234673
18.5118163,73.9234673
18.5118163,73.9234673
18.5117878,73.9233984
18.5117878,73.9233984
18.5117878,73.9233984
18.5117878,73.9233984
18.5117878,73.9233984
18.5117878,73.9233984
18.5117878,73.9233984
18.5117878,73.9233984
18.5117878,73.9233984
18.5117878,73.9233984
18.5117878,73.9233984
18.5117878,73.9233984
18.5117878,73.9233984
18.5117878,73.9233984
18.5117878,73.9233984
18.5117878,73.9233984
18.5117878,73.9233984
18.511755,73.9234099
18.511755,73.9234099
18.511755,73.9234099
18.511755,73.9234099
18.5119101,73.9234804
18.5119101,73.9234804
18.5119101,73.9234804
18.5119101,73.9234804
18.5119101,73.9234804
18.5119881,73.9235018
18.5119881,73.9235018
18.5119881,73.9235018
18.5119881,73.9235018
18.5119881,73.9235018
18.5119881,73.9235018
18.5117855,73.9235018
18.5118163,73.9234673
18.5118163,73.9234673
18.5118163,73.9234673
18.5118163,73.9234673
18.5118163,73.9234673
18.5118285,73.9234788
18.5118285,73.9234788
18.5118285,73.9234788
18.5118285,73.9234788
18.5118285,73.9234788
18.5117702,73.9234406
18.5117702,73.9234406
18.5117702,73.9234406
18.511802,73.9234329
18.511802,73.9234329
18.511802,73.9234329
18.511802,73.9234329
18.511802,73.9234329
18.5117835,73.9234788
18.5117835,73.9234788
18.5117835,73.9234788
18.5117835,73.9234788
18.5117835,73.9234788
18.5117835,73.9234788
18.5117835,73.9234788
18.5117835,73.9234788
18.5117835,73.9234788
18.5117835,73.9234788
18.5117835,73.9234788
18.5117835,73.9234788
18.5117835,73.9234788
18.5117835,73.9234788
18.5117835,73.9234788
18.5117835,73.9234788
18.5117835,73.9234788
18.5117835,73.9234788
18.5117835,73.9234788
18.5117835,73.9234788
18.5119838,73.9235821
18.5119838,73.9235821
18.5119838,73.9235821
18.511804,73.9234558
18.511804,73.9234558
18.511804,73.9234558
18.511804,73.9234558
18.511804,73.9234558
18.511804,73.9234558
18.511804,73.9234558
18.511804,73.9234558
18.511804,73.9234558
18.511804,73.9234558
18.511804,73.9234558
18.511804,73.9234558
18.511804,73.9234558
18.511804,73.9234558
18.5118123,73.9234214
18.5118123,73.9234214
18.5118123,73.9234214
18.5117713,73.9234673
18.5117713,73.9234673
18.5117713,73.9234673
18.5117713,73.9234673
18.5117713,73.9234673
18.5117713,73.9234673
18.5117713,73.9234673
18.5117713,73.9234673
18.5117713,73.9234673
18.5117713,73.9234673
18.5117713,73.9234673
18.5117713,73.9234673
18.5117713,73.9234673
18.5117713,73.9234673
18.5117713,73.9234673
18.5117713,73.9234673
18.5117713,73.9234673
18.511804,73.9234558
18.511804,73.9234558
18.511804,73.9234558
18.511804,73.9234558
18.51195,73.9235156
18.511804,73.9234558
18.511804,73.9234558
18.511804,73.9234558
18.511804,73.9234558
18.5117702,73.9234406
18.5117702,73.9234406
18.5117702,73.9234406
18.5117702,73.9234406
18.5117702,73.9234406
18.5117702,73.9234406
18.5117702,73.9234406
18.5117702,73.9234406
18.5117702,73.9234406
18.5117702,73.9234406
18.5117815,73.9234558
18.5117815,73.9234558
18.511802,73.9234329
18.511802,73.9234329
18.511802,73.9234329
18.511802,73.9234329
18.511802,73.9234329
18.511802,73.9234329
18.511802,73.9234329
18.511802,73.9234329
18.511802,73.9234329
18.511802,73.9234329
18.511802,73.9234329
18.511802,73.9234329
18.511859,73.9235707
18.5119101,73.9234804
18.5118265,73.9234558
18.5118265,73.9234558
18.5118265,73.9234558
18.5118163,73.9234673
18.5118163,73.9234673
18.5118163,73.9234673
18.5118163,73.9234673
18.5118163,73.9234673
18.5118163,73.9234673
18.5118163,73.9234673
18.5118163,73.9234673
18.5118163,73.9234673
18.5118163,73.9234673
18.5118163,73.9234673
18.5118163,73.9234673
18.5118163,73.9234673
18.5118163,73.9234673
18.5118163,73.9234673
18.5118163,73.9234673
18.5118163,73.9234673
18.5118163,73.9234673
18.5118163,73.9234673
18.5117702,73.9234406
18.5117702,73.9234406
18.5117702,73.9234406
18.5117702,73.9234406
18.5117702,73.9234406
18.5117702,73.9234406
18.5117702,73.9234406
18.5117702,73.9234406
18.5117702,73.9234406
18.5117702,73.9234406
18.5117702,73.9234406
18.5117702,73.9234406
18.5117702,73.9234406
18.5117702,73.9234406
18.5117702,73.9234406
18.5117702,73.9234406
18.5117702,73.9234406
18.5117702,73.9234406
18.5117713,73.9234673
18.5117713,73.9234673
18.5117713,73.9234673
18.5117713,73.9234673
18.5117713,73.9234673
18.5117702,73.9234406
18.511804,73.9234558
18.511849,73.9234558
18.511849,73.9234558
18.511849,73.9234558
18.511849,73.9234558
18.511849,73.9234558
18.511849,73.9234558
18.511849,73.9234558
18.511849,73.9234558
18.511849,73.9234558
18.511849,73.9234558
18.511849,73.9234558
18.511849,73.9234558
18.511849,73.9234558
18.511849,73.9234558
18.511849,73.9234558
18.511849,73.9234558
18.511849,73.9234558
18.511849,73.9234558
18.511849,73.9234558
18.511849,73.9234558
18.5119596,73.9234329
18.5119596,73.9234329
18.5119596,73.9234329
18.5119596,73.9234329
18.5119596,73.9234329
18.5119596,73.9234329
18.5119596,73.9234329
18.5119596,73.9234329
18.5119596,73.9234329
18.5119596,73.9234329
18.5119596,73.9234329
18.5119596,73.9234329
18.5119596,73.9234329
18.5118163,73.9234673
18.511804,73.9234558
18.511804,73.9234558
18.511804,73.9234558
18.5119101,73.9234804
18.5119101,73.9234804
18.5119101,73.9234804
18.5119101,73.9234804
18.5119101,73.9234804
18.5119101,73.9234804
18.5117702,73.9234406
18.5117702,73.9234406
18.5117702,73.9234406
18.511804,73.9234558
18.511804,73.9234558
18.511804,73.9234558
18.511804,73.9234558
18.511804,73.9234558
18.511804,73.9234558
18.5118265,73.9234558
18.5118265,73.9234558
18.5118265,73.9234558
18.5118265,73.9234558
18.5118265,73.9234558
18.5118265,73.9234558
18.5118265,73.9234558
18.5118265,73.9234558
18.5118265,73.9234558
18.5118265,73.9234558
18.5118265,73.9234558
18.5118265,73.9234558
18.5118265,73.9234558
18.5118265,73.9234558
18.5118265,73.9234558
18.5118265,73.9234558
18.5118265,73.9234558
18.5118265,73.9234558
18.51195,73.9235156
18.51195,73.9235156
18.51195,73.9235156
18.5119101,73.9234804
18.5119101,73.9234804
18.5119101,73.9234804
18.5119101,73.9234804
18.5119101,73.9234804
18.5119101,73.9234804
18.5119101,73.9234804
18.5118163,73.9234673
18.5117702,73.9234406
18.5117702,73.9234406
18.5117702,73.9234406
18.5117702,73.9234406
18.5119143,73.9235592
18.5119143,73.9235592
18.5119143,73.9235592
18.5119143,73.9235592
18.5119143,73.9235592
18.5119143,73.9235592
18.5119143,73.9235592
18.5119143,73.9235592
18.5119143,73.9235592
18.5119143,73.9235592
18.5119143,73.9235592
18.5119143,73.9235592
18.5119143,73.9235592
18.5119143,73.9235592
18.5119143,73.9235592
18.5119143,73.9235592
18.5119143,73.9235592
18.5119143,73.9235592
18.5119143,73.9235592
18.511804,73.9234558
18.511804,73.9234558
18.5119101,73.9234804
18.5119101,73.9234804
18.5119101,73.9234804
18.5117702,73.9234406
18.5117702,73.9234406
18.5119101,73.9234804
18.5119101,73.9234804
18.5119101,73.9234804
18.5119101,73.9234804
18.5119101,73.9234804
18.5119101,73.9234804
18.5117702,73.9234406
18.5117702,73.9234406
18.5117702,73.9234406
18.5117702,73.9234406
18.5117702,73.9234406
18.511759,73.9234558
18.511759,73.9234558
18.511759,73.9234558
18.511759,73.9234558
18.511759,73.9234558
18.511759,73.9234558
18.511759,73.9234558
18.511759,73.9234558
18.511759,73.9234558
18.511759,73.9234558
18.511759,73.9234558
18.511759,73.9234558
18.511759,73.9234558
18.511759,73.9234558
18.511759,73.9234558
18.511759,73.9234558
18.511759,73.9234558
18.5117795,73.9234329
18.5117795,73.9234329
18.5117795,73.9234329
18.5117795,73.9234329
18.5117795,73.9234329
18.5117795,73.9234329
18.5117795,73.9234329
18.5117795,73.9234329
18.5117795,73.9234329
18.5117795,73.9234329
18.5117795,73.9234329
18.5117795,73.9234329
18.5117795,73.9234329
18.5117795,73.9234329
18.5117815,73.9234558
18.5117815,73.9234558
18.5117815,73.9234558
18.5117815,73.9234558
18.5117815,73.9234558
18.5117702,73.9234406
18.5117702,73.9234406
18.5117702,73.9234406
18.5117702,73.9234406
18.5117815,73.9234558
18.5117815,73.9234558
18.5117795,73.9234329
18.5117795,73.9234329
18.5117815,73.9234558
18.5117702,73.9234406
18.5117702,73.9234406
18.5117702,73.9234406
18.5117702,73.9234406
18.5117702,73.9234406
18.5117795,73.9234329
18.5117795,73.9234329
18.5117795,73.9234329
18.5117795,73.9234329
18.5117795,73.9234329
18.5117795,73.9234329
18.5117815,73.9234558
18.5117815,73.9234558
18.5117815,73.9234558
18.5117815,73.9234558
18.5117815,73.9234558
18.5117815,73.9234558
18.511859,73.9235707
18.511859,73.9235707
18.511859,73.9235707
18.511859,73.9235707
18.511859,73.9235707
18.511859,73.9235707
18.511859,73.9235707
18.511859,73.9235707
18.511859,73.9235707
18.511859,73.9235707
18.511859,73.9235707
18.511859,73.9235707
18.511859,73.9235707
18.511859,73.9235707
18.511859,73.9235707
18.511859,73.9235707
18.511859,73.9235707
18.511859,73.9235707
18.511859,73.9235707
18.511859,73.9235707
18.511806,73.9234788
18.511806,73.9234788
18.511806,73.9234788
18.511806,73.9234788
18.511806,73.9234788
18.511806,73.9234788
18.511806,73.9234788
18.511806,73.9234788
18.511806,73.9234788
18.511806,73.9234788
18.511806,73.9234788
18.511806,73.9234788
18.511806,73.9234788
18.511806,73.9234788
18.511906,73.9235936
18.511906,73.9235936
18.511906,73.9235936
18.511906,73.9235936
18.5117795,73.9234329
18.5117795,73.9234329
18.5117795,73.9234329
18.5117795,73.9234329
18.5117795,73.9234329
18.5117795,73.9234329
18.5117815,73.9234558
18.5117815,73.9234558
18.5117815,73.9234558
18.5117815,73.9234558
18.5117795,73.9234329
18.5117795,73.9234329
18.5117795,73.9234329
18.5117795,73.9234329
18.5117795,73.9234329
18.5117815,73.9234558
18.5117815,73.9234558
18.5117815,73.9234558
18.5117795,73.9234329
18.5117795,73.9234329
18.5117795,73.9234329
18.5117795,73.9234329
18.5117795,73.9234329
18.5117795,73.9234329
18.5117795,73.9234329
18.5117795,73.9234329
18.5117795,73.9234329
18.5117795,73.9234329
18.5117795,73.9234329
18.5117795,73.9234329
18.5117795,73.9234329
18.5117795,73.9234329
18.5117795,73.9234329
18.5117795,73.9234329
18.5117795,73.9234329
18.5117795,73.9234329
18.5117795,73.9234329
18.5117702,73.9234406
18.5117795,73.9234329
18.5117795,73.9234329
18.5117795,73.9234329
18.5117795,73.9234329
18.5117795,73.9234329
18.5117795,73.9234329
18.5117702,73.9234406
18.5117702,73.9234406
18.5117702,73.9234406
18.5117795,73.9234329
18.5117795,73.9234329
18.5117795,73.9234329
18.5117795,73.9234329
18.5117795,73.9234329
18.5117795,73.9234329
18.5117795,73.9234329
18.5118451,73.9234099
18.5118451,73.9234099
18.5118451,73.9234099
18.5118451,73.9234099
18.5118451,73.9234099
18.5118451,73.9234099
18.511804,73.9234558
18.511804,73.9234558
18.511804,73.9234558
18.511804,73.9234558
18.5117795,73.9234329
18.5117795,73.9234329
18.5117702,73.9234406
18.5117795,73.9234329
18.5117795,73.9234329
18.5117795,73.9234329
18.5117795,73.9234329
18.5117795,73.9234329
18.5117795,73.9234329
18.5117795,73.9234329
18.5117795,73.9234329
18.5117795,73.9234329
18.5117795,73.9234329
18.5117795,73.9234329
18.5117795,73.9234329
18.5117795,73.9234329
18.5117795,73.9234329
18.5117795,73.9234329
18.5117795,73.9234329
18.5117795,73.9234329
18.5117795,73.9234329
18.5117795,73.9234329
18.5117795,73.9234329
18.5117815,73.9234558
18.5117815,73.9234558
18.5117815,73.9234558
18.5117815,73.9234558
18.5117815,73.9234558
18.5117815,73.9234558
18.5117815,73.9234558
18.5117815,73.9234558
18.5117815,73.9234558
18.5117815,73.9234558
18.5117815,73.9234558
18.5117702,73.9234406
18.5117702,73.9234406
18.5117702,73.9234406
18.5117702,73.9234406
18.5117702,73.9234406
18.5117702,73.9234406
18.5117702,73.9234406
18.5117702,73.9234406
18.5119101,73.9234804
18.5119101,73.9234804
18.5119101,73.9234804
18.5119101,73.9234804
18.5117795,73.9234329
18.5117795,73.9234329
18.5117795,73.9234329
18.5117795,73.9234329
18.5117815,73.9234558
18.5117815,73.9234558
18.5117713,73.9234673
18.5117713,73.9234673
18.5117713,73.9234673
18.5117713,73.9234673
18.5117713,73.9234673
18.5117713,73.9234673
18.5117713,73.9234673
18.5117713,73.9234673
18.5117713,73.9234673
18.5117713,73.9234673
18.5117713,73.9234673
18.5117795,73.9234329
18.5117795,73.9234329
18.5117815,73.9234558
18.5117815,73.9234558
18.5117795,73.9234329
18.5117795,73.9234329
18.5117795,73.9234329
18.5117795,73.9234329
18.5119101,73.9234804
18.5119101,73.9234804
18.5119101,73.9234804
18.5119101,73.9234804
18.5119101,73.9234804
18.5119101,73.9234804
18.5119101,73.9234804
18.5119101,73.9234804
18.5117795,73.9234329
18.5117795,73.9234329
18.5117815,73.9234558
18.5117815,73.9234558
18.5117815,73.9234558
18.5117815,73.9234558
18.5117815,73.9234558
18.5117815,73.9234558
18.5117815,73.9234558
18.5117815,73.9234558
18.5117815,73.9234558
18.5117815,73.9234558
18.5117815,73.9234558
18.5117702,73.9234406
18.5119305,73.9236166
18.5119305,73.9236166
18.5119305,73.9236166
18.5119305,73.9236166
18.5119305,73.9236166
18.5119305,73.9236166
18.5119305,73.9236166
18.5119305,73.9236166
18.5117713,73.9234673
18.5117713,73.9234673
18.5117713,73.9234673
18.5117713,73.9234673
18.5117713,73.9234673
18.5117713,73.9234673
18.5117713,73.9234673
18.5117713,73.9234673
18.5117713,73.9234673
18.5117713,73.9234673
18.5117713,73.9234673
18.5119101,73.9234804
18.5117702,73.9234406
18.5117673,73.9234214
18.5117673,73.9234214
18.5117673,73.9234214
18.5117673,73.9234214
18.5117673,73.9234214
18.5117713,73.9234673
18.5117713,73.9234673
18.5117713,73.9234673
18.5117713,73.9234673
18.5117713,73.9234673
18.5117713,73.9234673
18.5117713,73.9234673
18.5117713,73.9234673
18.5117795,73.9234329
18.5117815,73.9234558
18.5117815,73.9234558
18.5117815,73.9234558
18.5117815,73.9234558
18.5117815,73.9234558
18.5117815,73.9234558
18.5119285,73.9235936
18.5119285,73.9235936
18.5119285,73.9235936
18.5119285,73.9235936
18.5119285,73.9235936
18.5119285,73.9235936
18.5119285,73.9235936
18.5119285,73.9235936
18.5119285,73.9235936
18.5119285,73.9235936
18.5119285,73.9235936
18.5119285,73.9235936
18.5119285,73.9235936
18.5117815,73.9234558
18.5117815,73.9234558
18.5117815,73.9234558
18.5117702,73.9234406
18.5117702,73.9234406
18.5117702,73.9234406
18.5117702,73.9234406
18.5117795,73.9234329
18.5117795,73.9234329
18.5117795,73.9234329
18.5117795,73.9234329
18.5117815,73.9234558
18.5117815,73.9234558
18.5117815,73.9234558
18.5117815,73.9234558
18.5117815,73.9234558
18.5117815,73.9234558
18.5117815,73.9234558
18.5117815,73.9234558
18.5117815,73.9234558
18.5117815,73.9234558
18.5117815,73.9234558
18.5117815,73.9234558
18.511804,73.9234558
18.511804,73.9234558
18.511804,73.9234558
18.511804,73.9234558
18.511804,73.9234558
18.511804,73.9234558
18.511804,73.9234558
18.511804,73.9234558
18.511804,73.9234558
18.511804,73.9234558
18.511804,73.9234558
18.511804,73.9234558
18.511804,73.9234558
18.511804,73.9234558
18.511804,73.9234558
18.511804,73.9234558
18.511804,73.9234558
18.511804,73.9234558
18.511804,73.9234558
18.511804,73.9234558
18.5117713,73.9234673
18.5117713,73.9234673
18.5117713,73.9234673
18.5117713,73.9234673
18.5117713,73.9234673
18.5117713,73.9234673
18.5117713,73.9234673
18.511759,73.9234558
18.511759,73.9234558
18.5117815,73.9234558
18.5117815,73.9234558
18.5117815,73.9234558
18.51195,73.9235156
18.51195,73.9235156
18.51195,73.9235156
18.51195,73.9235156
18.5119101,73.9234804
18.5119101,73.9234804
18.5119101,73.9234804
18.5119593,73.9235592
18.5119593,73.9235592
18.5119593,73.9235592
18.5117815,73.9234558
18.5117815,73.9234558
18.5119101,73.9234804
18.5119101,73.9234804
18.511802,73.9234329
18.511802,73.9234329
18.511802,73.9234329
18.511802,73.9234329
18.511802,73.9234329
18.511802,73.9234329
18.511802,73.9234329
18.511802,73.9234329
18.511802,73.9234329
18.511802,73.9234329
18.511802,73.9234329
18.511802,73.9234329
18.511802,73.9234329
18.511802,73.9234329
18.511802,73.9234329
18.511802,73.9234329
18.511802,73.9234329
18.511802,73.9234329
18.511802,73.9234329
18.511802,73.9234329
18.5117713,73.9234673
18.5118345,73.9235477
18.5118345,73.9235477
18.5118345,73.9235477
18.5118345,73.9235477
18.5118345,73.9235477
18.5118345,73.9235477
18.5118345,73.9235477
18.5118345,73.9235477
18.5118345,73.9235477
18.5118345,73.9235477
18.5118345,73.9235477
18.5118345,73.9235477
18.5118345,73.9235477
18.5117775,73.9234099
18.5117775,73.9234099
18.5117775,73.9234099
18.5117775,73.9234099
18.5117775,73.9234099
18.5117775,73.9234099
18.5117795,73.9234329
18.5117795,73.9234329
18.5117795,73.9234329
18.5117795,73.9234329
18.5117795,73.9234329
18.5117795,73.9234329
18.5117795,73.9234329
18.5117795,73.9234329
18.5117795,73.9234329
18.5119183,73.9236051
18.5119183,73.9236051
18.5119183,73.9236051
18.5119183,73.9236051
18.5117815,73.9234558
18.5117815,73.9234558
18.5117815,73.9234558
18.511804,73.9234558
18.511804,73.9234558
18.511804,73.9234558
18.511804,73.9234558
18.511804,73.9234558
18.511804,73.9234558
18.511804,73.9234558
18.511804,73.9234558
18.511804,73.9234558
18.5117713,73.9234673
18.5117713,73.9234673
18.5117713,73.9234673
18.5117713,73.9234673
18.5117713,73.9234673
18.511804,73.9234558
18.511804,73.9234558
18.511802,73.9234329
18.511802,73.9234329
18.511802,73.9234329
18.511802,73.9234329
18.511802,73.9234329
18.511802,73.9234329
18.511802,73.9234329
18.511802,73.9234329
18.511804,73.9234558
18.511804,73.9234558
18.511804,73.9234558
18.511802,73.9234329
18.511802,73.9234329
18.511802,73.9234329
18.511802,73.9234329
18.511802,73.9234329
18.5119285,73.9235936
18.5119285,73.9235936
18.5119285,73.9235936
18.511951,73.9235936
18.511951,73.9235936
18.511951,73.9235936
18.511951,73.9235936
18.511951,73.9235936
18.511951,73.9235936
18.511951,73.9235936
18.511951,73.9235936
18.511951,73.9235936
18.511951,73.9235936
18.511951,73.9235936
18.511951,73.9235936
18.511951,73.9235936
18.511951,73.9235936
18.511951,73.9235936
18.511951,73.9235936
18.511951,73.9235936
18.511951,73.9235936
18.511802,73.9234329
18.511802,73.9234329
18.511802,73.9234329
18.5117713,73.9234673
18.5117713,73.9234673
18.5117815,73.9234558
18.511804,73.9234558
18.511804,73.9234558
18.511804,73.9234558
18.511806,73.9234788
18.511806,73.9234788
18.511806,73.9234788
18.511806,73.9234788
18.511806,73.9234788
18.511806,73.9234788
18.5117702,73.9234406
18.5117702,73.9234406
18.5117702,73.9234406
18.5117702,73.9234406
18.5117702,73.9234406
18.5117702,73.9234406
18.5117702,73.9234406
18.5117702,73.9234406
18.5117702,73.9234406
18.5117702,73.9234406
18.5117702,73.9234406
18.5117702,73.9234406
18.5117702,73.9234406
18.5117702,73.9234406
18.5117702,73.9234406
18.5117702,73.9234406
18.511804,73.9234558
18.511804,73.9234558
18.511804,73.9234558
18.511804,73.9234558
18.511804,73.9234558
18.5119101,73.9234804
18.5119101,73.9234804
18.5119101,73.9234804
18.5119101,73.9234804
18.5119101,73.9234804
18.5119101,73.9234804
18.511804,73.9234558
18.511804,73.9234558
18.511804,73.9234558
18.511804,73.9234558
18.511804,73.9234558
18.5119101,73.9234804
18.5119101,73.9234804
18.5119101,73.9234804
18.5119101,73.9234804
18.5117815,73.9234558
18.5117815,73.9234558
18.5117815,73.9234558
18.5119101,73.9234804
18.5117795,73.9234329
18.5117795,73.9234329
18.5117795,73.9234329
18.5117795,73.9234329
18.5117702,73.9234406
18.5117702,73.9234406
18.5119101,73.9234804
18.5119101,73.9234804
18.5119101,73.9234804
18.5119101,73.9234804
18.5119101,73.9234804
18.5119101,73.9234804
18.5119101,73.9234804
18.5119101,73.9234804
18.5119101,73.9234804
18.5119101,73.9234804
18.5117673,73.9234214
18.5117815,73.9234558
18.5117815,73.9234558
18.5117815,73.9234558
18.5117815,73.9234558
18.5117713,73.9234673
18.5117713,73.9234673
18.5117713,73.9234673
18.5117713,73.9234673
18.5117713,73.9234673
18.5117713,73.9234673
18.5117713,73.9234673
18.5117713,73.9234673
18.5117713,73.9234673
18.5117815,73.9234558
18.5117815,73.9234558
18.5117815,73.9234558
18.5117815,73.9234558
18.5117673,73.9234214
18.5117673,73.9234214
18.5117673,73.9234214
18.5117673,73.9234214
18.5117673,73.9234214
18.5117673,73.9234214
18.5117673,73.9234214
18.5117673,73.9234214
18.5117673,73.9234214
18.5117673,73.9234214
18.5117673,73.9234214
18.5117673,73.9234214
18.5117673,73.9234214
18.5117673,73.9234214
18.5117673,73.9234214
18.5117673,73.9234214
18.5117673,73.9234214
18.5117673,73.9234214
18.5117673,73.9234214
18.5117673,73.9234214
18.5117775,73.9234099
18.5117775,73.9234099
18.5117775,73.9234099
18.5117815,73.9234558
18.5117815,73.9234558
18.511759,73.9234558
18.511759,73.9234558
18.511759,73.9234558
18.511759,73.9234558
18.511759,73.9234558
18.511759,73.9234558
18.511759,73.9234558
18.511759,73.9234558
18.5117673,73.9234214
18.5117673,73.9234214
18.5117673,73.9234214
18.5117673,73.9234214
18.5117673,73.9234214
18.5117673,73.9234214
18.5117673,73.9234214
18.5117673,73.9234214
18.5117673,73.9234214
18.5117673,73.9234214
18.5117673,73.9234214
18.5117673,73.9234214
18.5117673,73.9234214
18.5117673,73.9234214
18.5117673,73.9234214
18.5117673,73.9234214
18.5117673,73.9234214
18.5117673,73.9234214
18.5117673,73.9234214
18.5117815,73.9234558
18.5117815,73.9234558
18.5117673,73.9234214
18.5117673,73.9234214
18.5117673,73.9234214
18.5119101,73.9234804
18.5119101,73.9234804
18.5119101,73.9234804
18.5119101,73.9234804
18.5119101,73.9234804
18.5119101,73.9234804
18.5119101,73.9234804
18.5119101,73.9234804
18.5119101,73.9234804
18.5117775,73.9234099
18.5117775,73.9234099
18.5117775,73.9234099
18.5117775,73.9234099
18.5117775,73.9234099
18.5117673,73.9234214
18.5117673,73.9234214
18.5117673,73.9234214
18.5117673,73.9234214
18.5117673,73.9234214
18.5117673,73.9234214
18.5117673,73.9234214
18.5117673,73.9234214
18.5117673,73.9234214
18.5117673,73.9234214
18.5117673,73.9234214
18.5117673,73.9234214
18.5117673,73.9234214
18.5117673,73.9234214
18.5117673,73.9234214
18.5117673,73.9234214
18.5117673,73.9234214
18.5117815,73.9234558
18.5117815,73.9234558
18.5117795,73.9234329
18.5117795,73.9234329
18.5117795,73.9234329
18.5117795,73.9234329
18.5117795,73.9234329
18.5117815,73.9234558
18.5117815,73.9234558
18.5117673,73.9234214
18.5117673,73.9234214
18.5117673,73.9234214
18.5117673,73.9234214
18.5117815,73.9234558
18.5117815,73.9234558
18.5117815,73.9234558
18.5118305,73.9235018
18.5118305,73.9235018
18.5118305,73.9235018
18.5118305,73.9235018
18.5118305,73.9235018
18.5118305,73.9235018
18.5117815,73.9234558
18.5117815,73.9234558
18.5118901,73.9234099
18.5118901,73.9234099
18.5118901,73.9234099
18.5118901,73.9234099
18.5118901,73.9234099
18.5118901,73.9234099
18.5118901,73.9234099
18.5118901,73.9234099
18.5117702,73.9234406
18.5117702,73.9234406
18.5119593,73.9235592
18.5119593,73.9235592
18.5119593,73.9235592
18.5119593,73.9235592
18.5119593,73.9235592
18.5119593,73.9235592
18.5119593,73.9235592
18.5119593,73.9235592
18.5119593,73.9235592
18.5119593,73.9235592
18.5119593,73.9235592
18.5119593,73.9235592
18.5119593,73.9235592
18.5119593,73.9235592
18.5119593,73.9235592
18.5119593,73.9235592
18.5119593,73.9235592
18.5117815,73.9234558
18.5117815,73.9234558
18.5117815,73.9234558
18.5117815,73.9234558
18.5117815,73.9234558
18.511759,73.9234558
18.511759,73.9234558
18.5117713,73.9234673
18.5117713,73.9234673
18.5117713,73.9234673
18.5117713,73.9234673
18.5117713,73.9234673
18.5117713,73.9234673
18.5117713,73.9234673
18.5117713,73.9234673
18.5117713,73.9234673
18.5117713,73.9234673
18.5117713,73.9234673
18.5117713,73.9234673
18.5117713,73.9234673
18.5117713,73.9234673
18.5117815,73.9234558
18.5117815,73.9234558
18.5117815,73.9234558
18.511804,73.9234558
18.511804,73.9234558
18.511804,73.9234558
18.511804,73.9234558
18.511804,73.9234558
18.5119101,73.9234804
18.5119101,73.9234804
18.5119101,73.9234804
18.5119101,73.9234804
18.5119101,73.9234804
18.511802,73.9234329
18.511802,73.9234329
18.511802,73.9234329
18.511802,73.9234329
18.511802,73.9234329
18.5117713,73.9234673
18.5117713,73.9234673
18.5117713,73.9234673
18.5117713,73.9234673
18.5117713,73.9234673
18.5117795,73.9234329
18.5117795,73.9234329
18.511951,73.9235936
18.5117702,73.9234406
18.5117702,73.9234406
18.5117815,73.9234558
18.5117815,73.9234558
18.5117815,73.9234558
18.5117815,73.9234558
18.5117815,73.9234558
18.5117815,73.9234558
18.5117815,73.9234558
18.5117815,73.9234558
18.5117815,73.9234558
18.5117815,73.9234558
18.5117815,73.9234558
18.5117815,73.9234558
18.5117815,73.9234558
18.5117815,73.9234558
18.5117815,73.9234558
18.5117815,73.9234558
18.5117815,73.9234558
18.5117815,73.9234558
18.5117702,73.9234406
18.5117702,73.9234406
18.5117702,73.9234406
18.5117702,73.9234406
18.5117702,73.9234406
18.5117815,73.9234558
18.5117815,73.9234558
18.5117815,73.9234558
18.5117815,73.9234558
18.5117815,73.9234558
18.5117815,73.9234558
18.5117815,73.9234558
18.5117815,73.9234558
18.5119101,73.9234804
18.5119101,73.9234804
18.5119101,73.9234804
18.5119101,73.9234804
18.5119101,73.9234804
18.5119101,73.9234804
18.5117795,73.9234329
18.5117795,73.9234329
18.5117795,73.9234329
18.5117713,73.9234673
18.5117713,73.9234673
18.5117713,73.9234673
18.5117702,73.9234406
18.5117702,73.9234406
18.5117702,73.9234406
18.5117702,73.9234406
18.5117702,73.9234406
18.5117702,73.9234406
18.511806,73.9234788
18.511806,73.9234788
18.511806,73.9234788
18.511802,73.9234329
18.511802,73.9234329
18.511802,73.9234329
18.511802,73.9234329
18.511802,73.9234329
18.511802,73.9234329
18.511802,73.9234329
18.511802,73.9234329
18.511802,73.9234329
18.511802,73.9234329
18.511802,73.9234329
18.511802,73.9234329
18.5119101,73.9234804
18.5119101,73.9234804
18.5119101,73.9234804
18.5119101,73.9234804
18.5119101,73.9234804
18.5119101,73.9234804
18.5119101,73.9234804
18.5119101,73.9234804
18.5119101,73.9234804
18.5117702,73.9234406
18.5117702,73.9234406
18.5117702,73.9234406
18.5117702,73.9234406
18.5118285,73.9234788
18.5118285,73.9234788
18.5118285,73.9234788
18.5117673,73.9234214
18.5117673,73.9234214
18.5117673,73.9234214
18.5117673,73.9234214
18.5118285,73.9234788
18.5118285,73.9234788
18.5118285,73.9234788
18.5118285,73.9234788
18.5118285,73.9234788
18.5118285,73.9234788
18.5118285,73.9234788
18.5118285,73.9234788
18.5117815,73.9234558
18.5117815,73.9234558
18.5117815,73.9234558
18.5117815,73.9234558
18.5117815,73.9234558
18.5117815,73.9234558
18.5117815,73.9234558
18.5117815,73.9234558
18.5117815,73.9234558
18.5117815,73.9234558
18.5117815,73.9234558
18.5117815,73.9234558
18.5117815,73.9234558
18.5117795,73.9234329
18.5117795,73.9234329
18.5117795,73.9234329
18.5117795,73.9234329
18.5119101,73.9234804
18.5119101,73.9234804
18.5119101,73.9234804
18.5118815,73.9235707
18.5118815,73.9235707
18.5118815,73.9235707
18.5118815,73.9235707
18.5118815,73.9235707
18.5118815,73.9235707
18.5117795,73.9234329
18.5117795,73.9234329
18.5117795,73.9234329
18.511857,73.9235477
18.511857,73.9235477
18.511857,73.9235477
18.511857,73.9235477
18.511857,73.9235477
18.511857,73.9235477
18.511857,73.9235477
18.511857,73.9235477
18.511857,73.9235477
18.511804,73.9234558
18.511804,73.9234558
18.511804,73.9234558
18.511804,73.9234558
18.511804,73.9234558
18.511804,73.9234558
18.5117815,73.9234558
18.5117815,73.9234558
18.5117815,73.9234558
18.5117815,73.9234558
18.5117815,73.9234558
18.5117815,73.9234558
18.5117815,73.9234558
18.5117795,73.9234329
18.5117795,73.9234329
18.5117795,73.9234329
18.5117795,73.9234329
18.5117795,73.9234329
18.5117795,73.9234329
18.5117795,73.9234329
18.5117795,73.9234329
18.5117795,73.9234329
18.5117795,73.9234329
18.5117795,73.9234329
18.5117795,73.9234329
18.5117795,73.9234329
18.5117795,73.9234329
18.5117795,73.9234329
18.5117795,73.9234329
18.5117795,73.9234329
18.5117795,73.9234329
18.5117795,73.9234329
18.5117702,73.9234406
18.5117702,73.9234406
18.5117702,73.9234406
18.5117702,73.9234406
18.5117702,73.9234406
18.5117702,73.9234406
18.5117702,73.9234406
18.5117702,73.9234406
18.5117702,73.9234406
18.5117702,73.9234406
18.5117702,73.9234406
18.5117702,73.9234406
18.5117702,73.9234406
18.5117702,73.9234406
18.5117702,73.9234406
18.5117702,73.9234406
18.5117702,73.9234406
18.5117702,73.9234406
18.5117815,73.9234558
18.5117815,73.9234558
18.5117815,73.9234558
18.5117815,73.9234558
18.5117795,73.9234329
18.5117795,73.9234329
18.5117795,73.9234329
18.5117795,73.9234329
18.5117795,73.9234329
18.5117795,73.9234329
18.5117795,73.9234329
18.5117795,73.9234329
18.5117702,73.9234406
18.5117795,73.9234329
18.5117795,73.9234329
18.5117795,73.9234329
18.5117795,73.9234329
18.5117795,73.9234329
18.5117795,73.9234329
18.5117795,73.9234329
18.5117702,73.9234406
18.5117702,73.9234406
18.5117702,73.9234406
18.5117702,73.9234406
18.5117702,73.9234406
18.5117795,73.9234329
18.5117795,73.9234329
18.5117795,73.9234329
18.5117795,73.9234329
18.5117795,73.9234329
18.5117795,73.9234329
18.5117795,73.9234329
18.5117795,73.9234329
18.5117795,73.9234329
18.5117795,73.9234329
18.5117795,73.9234329
18.5117795,73.9234329
18.5117795,73.9234329
18.5117795,73.9234329
18.5117795,73.9234329
18.5117795,73.9234329
18.5117795,73.9234329
18.5117795,73.9234329
18.5117795,73.9234329
18.5119513,73.9234673
18.5119513,73.9234673
18.5119513,73.9234673
18.5119513,73.9234673
18.5119513,73.9234673
18.5119513,73.9234673
18.5119513,73.9234673
18.5119513,73.9234673
18.5119513,73.9234673
18.5119513,73.9234673
18.5117702,73.9234406
18.5117702,73.9234406
18.5117702,73.9234406
18.5117702,73.9234406
18.5117702,73.9234406
18.5117702,73.9234406
18.5117702,73.9234406
18.5117795,73.9234329
18.5117815,73.9234558
18.5117815,73.9234558
18.5117795,73.9234329
18.5117795,73.9234329
18.5117795,73.9234329
18.5117702,73.9234406
18.5117702,73.9234406
18.5117815,73.9234558
18.5117815,73.9234558
18.5117815,73.9234558
18.5117815,73.9234558
18.5117815,73.9234558
18.5117815,73.9234558
18.5117815,73.9234558
18.5117815,73.9234558
18.5117815,73.9234558
18.5117815,73.9234558
18.5117815,73.9234558
18.5117815,73.9234558
18.5117815,73.9234558
18.5117815,73.9234558
18.5117815,73.9234558
18.5117815,73.9234558
18.5117815,73.9234558
18.5117815,73.9234558
18.5117815,73.9234558
18.5117815,73.9234558
18.5117702,73.9234406
18.5117702,73.9234406
18.5117702,73.9234406
18.5117702,73.9234406
18.5117702,73.9234406
18.5117795,73.9234329
18.5117795,73.9234329
18.5117795,73.9234329
18.5117795,73.9234329
18.5117795,73.9234329
18.5117795,73.9234329
18.5117795,73.9234329
18.5117815,73.9234558
18.5117815,73.9234558
18.5117815,73.9234558
18.5117815,73.9234558
18.5117815,73.9234558
18.5117815,73.9234558
18.5117815,73.9234558
18.5117815,73.9234558
18.5117815,73.9234558
18.5117815,73.9234558
18.5117815,73.9234558
18.5117815,73.9234558
18.5117815,73.9234558
18.5117815,73.9234558
18.5117795,73.9234329
18.5117795,73.9234329
18.5117795,73.9234329
18.5117795,73.9234329
18.5117795,73.9234329
18.5117795,73.9234329
18.5118921,73.9234329
18.5118921,73.9234329
18.5118921,73.9234329
18.5118921,73.9234329
18.5118921,73.9234329
18.5118921,73.9234329
18.5118921,73.9234329
18.5118921,73.9234329
18.5118921,73.9234329
18.5117795,73.9234329
18.5117795,73.9234329
18.5117795,73.9234329
18.5117795,73.9234329
18.5117795,73.9234329
18.5117795,73.9234329
18.5117795,73.9234329
18.5117702,73.9234406
18.5117702,73.9234406
18.5119,73.9235247
18.5119,73.9235247
18.5117795,73.9234329
18.5117795,73.9234329
18.5117795,73.9234329
18.5117795,73.9234329
18.5117795,73.9234329
18.5117795,73.9234329
18.5118163,73.9234673
18.5119101,73.9234804
18.5119101,73.9234804
18.5119101,73.9234804
18.5119101,73.9234804
18.5118265,73.9234558
18.5118265,73.9234558
18.5118265,73.9234558
18.5118265,73.9234558
18.5118265,73.9234558
18.5118265,73.9234558
18.5118265,73.9234558
18.51195,73.9235156
18.51195,73.9235156
18.5118695,73.9234329
18.5118695,73.9234329
18.5118695,73.9234329
18.5118695,73.9234329
18.511802,73.9234329
18.511802,73.9234329
18.511802,73.9234329
18.511802,73.9234329
18.511802,73.9234329
18.511802,73.9234329
18.511802,73.9234329
18.5117673,73.9234214
18.5117673,73.9234214
18.5117673,73.9234214
18.5117673,73.9234214
18.5117673,73.9234214
18.5117673,73.9234214
18.5117673,73.9234214
18.5117673,73.9234214
18.5117673,73.9234214
18.511802,73.9234329
18.511802,73.9234329
18.5117815,73.9234558
18.5117815,73.9234558
18.5117815,73.9234558
18.5117673,73.9234214
18.5117713,73.9234673
18.5117713,73.9234673
18.5117713,73.9234673
18.5117755,73.923387
18.5117755,73.923387
18.5117755,73.923387
18.5117755,73.923387
18.5117755,73.923387
18.5117755,73.923387
18.5117713,73.9234673
18.5117713,73.9234673
18.5117713,73.9234673
18.5117713,73.9234673
18.511804,73.9234558
18.511804,73.9234558
18.511804,73.9234558
18.511804,73.9234558
18.511804,73.9234558
18.511804,73.9234558
18.511804,73.9234558
18.5117713,73.9234673
18.5117713,73.9234673
18.5117713,73.9234673
18.5117713,73.9234673
18.5117713,73.9234673
18.5117713,73.9234673
18.5117713,73.9234673
18.5117713,73.9234673
18.5117713,73.9234673
18.5117713,73.9234673
18.5117713,73.9234673
18.5117713,73.9234673
18.5117713,73.9234673
18.5117713,73.9234673
18.5117713,73.9234673
18.5117713,73.9234673
18.5117713,73.9234673
18.5117713,73.9234673
18.5117815,73.9234558
18.5117815,73.9234558
18.5117815,73.9234558
18.5117713,73.9234673
18.5117713,73.9234673
18.5117713,73.9234673
18.5117713,73.9234673
18.5117835,73.9234788
18.5117835,73.9234788
18.5117835,73.9234788
18.5117815,73.9234558
18.5117815,73.9234558
18.5117815,73.9234558
18.511757,73.9234329
18.511757,73.9234329
18.511757,73.9234329
18.5117702,73.9234406
18.5117702,73.9234406
18.5117702,73.9234406
18.5117815,73.9234558
18.5117815,73.9234558
18.5117815,73.9234558
18.5117815,73.9234558
18.5117815,73.9234558
18.5117815,73.9234558
18.5117815,73.9234558
18.511759,73.9234558
18.511759,73.9234558
18.5119101,73.9234804
18.5119101,73.9234804
18.5119101,73.9234804
18.5119101,73.9234804
18.5119101,73.9234804
18.5119556,73.923387
18.5119556,73.923387
18.5119556,73.923387
18.5119556,73.923387
18.5119556,73.923387
18.5119556,73.923387
18.5119101,73.9234804
18.5119101,73.9234804
18.5119101,73.9234804
18.5119101,73.9234804
18.5119101,73.9234804
18.5119101,73.9234804
18.51195,73.9235156
18.51195,73.9235156
18.51195,73.9235156
18.5117713,73.9234673
18.5117713,73.9234673
18.5117713,73.9234673
18.5117713,73.9234673
18.5117468,73.9234444
18.5117468,73.9234444
18.5117468,73.9234444
18.5117468,73.9234444
18.5119101,73.9234804
18.5119101,73.9234804
18.5118,73.9234099
18.5118,73.9234099
18.5118,73.9234099
18.5118,73.9234099
18.5118,73.9234099
18.5118,73.9234099
18.5118,73.9234099
18.5118,73.9234099
18.5118,73.9234099
18.5118,73.9234099
18.5118,73.9234099
18.511802,73.9234329
18.511802,73.9234329
18.511802,73.9234329
18.511802,73.9234329
18.5119101,73.9234804
18.5119101,73.9234804
18.5119101,73.9234804
18.5119101,73.9234804
18.5119101,73.9234804
18.5119101,73.9234804
18.5117702,73.9234406
18.5117702,73.9234406
18.5117702,73.9234406
18.5117702,73.9234406
18.5117702,73.9234406
18.5117468,73.9234444
18.5117468,73.9234444
18.5117468,73.9234444
18.5117468,73.9234444
18.511804,73.9234558
18.511804,73.9234558
18.511804,73.9234558
18.511804,73.9234558
18.511802,73.9234329
18.511802,73.9234329
18.511804,73.9234558
18.511804,73.9234558
18.511804,73.9234558
18.511804,73.9234558
18.511804,73.9234558
18.511804,73.9234558
18.511804,73.9234558
18.511804,73.9234558
18.511804,73.9234558
18.511804,73.9234558
18.511804,73.9234558
18.511804,73.9234558
18.511804,73.9234558
18.511804,73.9234558
18.511804,73.9234558
18.511804,73.9234558
18.511804,73.9234558
18.511804,73.9234558
18.5117795,73.9234329
18.5117795,73.9234329
18.5117815,73.9234558
18.5117815,73.9234558
18.5117815,73.9234558
18.5117815,73.9234558
18.5117815,73.9234558
18.5117815,73.9234558
18.5117815,73.9234558
18.5117815,73.9234558
18.5117815,73.9234558
18.5117815,73.9234558
18.5117815,73.9234558
18.5117815,73.9234558
18.5117815,73.9234558
18.5117815,73.9234558
18.5117815,73.9234558
18.5117815,73.9234558
18.5117815,73.9234558
18.5117815,73.9234558
18.5117815,73.9234558
18.5117795,73.9234329
18.5117795,73.9234329
18.5117795,73.9234329
18.5117795,73.9234329
18.5117815,73.9234558
18.5117815,73.9234558
18.5117815,73.9234558
18.5117815,73.9234558
18.5117815,73.9234558
18.5119553,73.9235133
18.5119553,73.9235133
18.5119553,73.9235133
18.5119553,73.9235133
18.5119553,73.9235133
18.5119553,73.9235133
18.5119553,73.9235133
18.5119553,73.9235133
18.5119553,73.9235133
18.5119553,73.9235133
18.5117815,73.9234558
18.5117795,73.9234329
18.5117795,73.9234329
18.5117815,73.9234558
