18.5119126,73.9234099
18.5117728,73.9234637
18.5119126,73.9234099
18.511849,73.9234558
18.5117941,73.9234676
18.511849,73.9234558
18.5117941,73.9234676
18.511849,73.9234558
18.5118695,73.9234329
18.5117713,73.9234673
18.5119473,73.9234214
18.5117713,73.9234673
18.5117713,73.9234673
18.5117713,73.9234673
18.5117713,73.9234673
18.5119473,73.9234214
18.5118285,73.9234788
18.5118163,73.9234673
18.5117815,73.9234558
18.5117815,73.9234558
18.5117815,73.9234558
18.5117815,73.9234558
18.5118163,73.9234673
18.511849,73.9234558
18.5117713,73.9234673
18.5117713,73.9234673
18.5117713,73.9234673
18.511849,73.9234558
18.5118695,73.9234329
18.511849,73.9234558
18.5119099,73.923474
18.511894,73.9234558
18.511894,73.9234558
18.511894,73.9234558
18.511894,73.9234558
18.5119099,73.923474
18.5119126,73.9234099
18.5119099,73.923474
18.5119099,73.923474
18.5119099,73.923474
18.5119099,73.923474
18.5119126,73.9234099
18.5118265,73.9234558
18.5117713,73.9234673
18.5117713,73.9234673
18.5117713,73.9234673
18.5117713,73.9234673
18.5118265,73.9234558
18.5117711,73.9234593
18.5117795,73.9234329
18.5117753,73.9234503
18.5117795,73.9234329
18.5119126,73.9234099
18.511804,73.9234558
18.5117753,73.9234503
18.511804,73.9234558
18.5117835,73.9234788
18.5117795,73.9234329
18.5119126,73.9234099
18.511813,73.9234521
18.5119126,73.9234099
18.511813,73.9234521
18.5119126,73.9234099
18.511802,73.9234329
18.5118272,73.9234584
18.5118272,73.9234584
18.511894,73.9234558
18.511894,73.9234558
18.5117713,73.9234673
18.511802,73.9234329
18.5118901,73.9234099
18.5118695,73.9234329
18.5118613,73.9234673
18.5118613,73.9234673
18.5118695,73.9234329
18.5118265,73.9234558
18.5117815,73.9234558
18.5117815,73.9234558
18.5118265,73.9234558
18.511804,73.9234558
18.5117713,73.9234673
18.5117713,73.9234673
18.511804,73.9234558
18.5117713,73.9234673
18.5117835,73.9234788
18.5118735,73.9234788
18.5118735,73.9234788
18.5117835,73.9234788
18.5118163,73.9234673
18.5118368,73.9234444
18.5118368,73.9234444
18.5118163,73.9234673
18.5117835,73.9234788
18.5117713,73.9234673
18.5117713,73.9234673
18.5117835,73.9234788
18.511759,73.9234558
18.5117835,73.9234788
18.5117713,73.9234673
18.5117835,73.9234788
18.5119371,73.9234329
18.511851,73.9234788
18.511849,73.9234558
18.511847,73.9234329
18.511804,73.9234558
18.5117835,73.9234788
18.5117713,73.9234673
18.5117795,73.9234329
18.5118573,73.9234214
18.511847,73.9234329
18.5118695,73.9234329
18.511849,73.9234558
18.5117713,73.9234673
18.511804,73.9234558
18.5118163,73.9234673
18.5119099,73.923474
18.511804,73.9234558
18.511802,73.9234329
18.5117713,73.9234673
18.511804,73.9234558
18.5117713,73.9234673
18.511804,73.9234558
18.5119099,73.923474
18.5117835,73.9234788
18.511804,73.9234558
18.5117835,73.9234788
18.5118163,73.9234673
18.5119099,73.923474
18.5118265,73.9234558
18.511804,73.9234558
18.5118265,73.9234558
18.511804,73.9234558
18.5118245,73.9234329
18.5117711,73.9234593
18.511804,73.9234558
18.5118265,73.9234558
18.5117713,73.9234673
18.5117713,73.9234673
18.5117815,73.9234558
18.5117815,73.9234558
18.5119099,73.923474
18.5118735,73.9234788
18.5117713,73.9234673
18.5118265,73.9234558
18.5118735,73.9234788
18.5118265,73.9234558
18.5118241,73.9234747
18.5118241,73.9234747
18.5118265,73.9234558
18.511804,73.9234558
18.5117713,73.9234673
18.5118241,73.9234747
18.5117713,73.9234673
18.5118241,73.9234747
18.5118241,73.9234747
18.511804,73.9234558
18.5119099,73.923474
18.5117713,73.9234673
18.5117713,73.9234673
18.5117713,73.9234673
18.511855,73.9235247
18.511855,73.9235247
18.5119099,73.923474
18.511804,73.9234558
18.5117713,73.9234673
18.511804,73.9234558
18.5118265,73.9234558
18.5117713,73.9234673
18.5118265,73.9234558
