0.001
0.003
0.003
0.003
0.003
0.003
0.003
0.003
0.003
2
2
2
2
2
2
2
2
1.3
1.3
1.3
1.3
1.3
1.3
1.3
1.3
1.6
1.6
1.6
1.6
1.6
1.6
1.6
3.4
3.4
3.4
3.4
1.2
1.2
1.2
1.2
1.2
1.2
1.2
1.2
2.1
2.1
2.1
2.1
2.1
2.1
2.1
5.8
5.8
5.8
5.8
5.8
5.8
5.8
5.8
4.7
4.7
4.7
4.7
4.7
4.7
4.7
4.7
6.8
6.8
6.8
6.8
6.8
6.8
6.8
6.8
2.8
2.8
2.8
2.8
2.8
2.8
2.8
2.8
3.7
3.7
3.7
3.7
3.7
3.7
3.7
3.7
4.3
4.3
4.3
4.3
4.3
4.3
4.3
0.8
0.8
0.8
0.8
0.8
0.8
0.8
0.8
1.5
1.5
1.5
1.5
1.5
1.5
1.5
1.5
1
1
1
1
1
1
1
1
3
3
3
3
3
3
3
3
2
2
2
2
2
2
2
2
4
4
4
4
4
4
4
4
2
2
2
2
2
2
2
2
2.6
2.6
2.6
2.6
2.6
2.6
2.6
0.9
0.9
0.9
0.9
0.9
0.9
0.9
0.9
1.6
1.6
1.6
1.6
1.6
1.6
1.6
1.6
0.6
0.6
0.6
0.6
0.6
0.6
0.6
0.9
0.9
0.9
0.9
0.9
0.9
0.9
0.9
0.037
0.037
0.037
0.037
0.037
0.037
0.037
0.037
0.05
0.05
0.05
0.05
0.05
0.05
0.05
0.05
0.021
0.021
0.021
0.021
0.021
0.021
0.021
0.021
0.004
0.004
0.004
0.004
0.004
0.004
0.004
0.004
0.001
0.001
0.001
0.001
0.001
0.001
0.001
0.001
0.001
0.001
0.001
0.001
0.001
0.001
0.001
0.001
0.1
0.1
0.1
0.1
0.1
0.1
0.009
0.009
0.009
0.009
0.009
0.009
0.009
0.009
0.001
0.001
0.001
0.001
0.001
0.001
0.001
0.001
0.001
0.001
0.001
0.001
0.001
0.001
0.001
0.001
0.2
0.2
0.2
0.2
0.2
0.2
0.2
0.2
0.041
0.041
0.041
0.041
0.041
0.041
0.041
0.041
0.041
0.041
0.041
0.041
0.041
0.041
0.041
0.041
0.041
0.041
0.041
0.041
0.041
0.041
0.041
0.041
0.039
0.039
0.039
0.039
0.039
0.039
0.039
0.039
0.6
0.6
0.6
0.6
0.6
0.6
0.6
0.6
0.6
0.6
0.6
0.6
0.6
0.6
0.6
0.6
1.8
1.8
1.8
1.8
1.8
1.8
1.8
1.8
0.003
0.003
0.003
0.003
0.003
0.003
0.003
0.003
1.4
1.4
1.4
1.4
1.4
1.4
1.4
1.4
0.001
0.001
0.001
0.001
0.001
0.001
0.001
0.001
0.002
0.002
0.002
0.002
0.002
0.002
0.002
0.002
1.4
1.4
1.4
1.4
1.4
1.4
1.4
0.6
0.6
0.6
0.6
0.6
0.6
0.6
0.6
0.4
0.4
0.4
0.4
0.4
0.4
0.4
0.4
0.2
0.2
0.2
0.2
0.2
0.2
0.2
0.2
0.4
0.4
0.4
0.4
0.4
0.4
0.4
0.4
0.1
0.1
0.1
0.1
0.1
0.1
0.1
0.1
0.5
0.5
0.5
0.5
0.5
0.5
0.5
0.5
0.3
0.3
0.3
0.3
0.3
0.3
0.3
0.3
0.5
0.5
0.5
0.5
0.5
0.5
0.5
0.5
0.2
0.2
0.2
0.2
0.2
0.2
0.2
0.2
0.2
0.2
0.2
0.2
0.2
0.2
0.2
0.2
0.1
0.1
0.1
0.1
0.1
0.062
0.062
0.062
0.062
0.062
0.062
0.062
0.062
0.2
0.2
0.2
0.2
0.2
0.2
0.2
0.2
0.2
0.2
0.2
0.2
0.2
0.2
0.2
0.2
0.1
0.1
0.1
0.1
0.1
0.1
0.1
0.1
0.6
0.6
0.6
0.6
0.6
0.6
0.6
0.6
0.3
0.3
0.3
0.3
0.3
0.3
0.3
0.3
0.7
0.7
0.7
0.7
0.7
0.7
0.7
0.3
0.3
0.3
0.3
0.3
0.3
0.3
0.7
0.7
0.7
0.7
0.7
0.7
0.7
0.7
0.4
0.4
0.4
0.4
0.4
0.4
0.4
0.4
1.1
1.1
1.1
1.1
1.1
1.1
1.1
1.1
1.1
1.1
0.049
0.049
0.049
0.049
0.089
0.089
0.089
0.089
0.089
0.089
0.1
0.1
0.1
0.1
0.2
0.3
0.3
0.3
0.3
0.3
0.3
0.1
0.1
0.1
0.1
0.1
0.1
0.1
0.1
0.3
0.3
0.3
0.3
0.3
0.3
0.3
0.3
1.4
1.4
1.4
1.4
1.4
1.4
1.4
1.4
0.8
0.8
0.8
0.8
0.8
0.8
0.8
0.8
0.3
0.3
0.3
0.3
0.3
0.3
0.3
0.3
0.2
0.2
0.2
0.2
0.2
0.2
0.2
0.2
0.4
0.4
0.4
0.4
0.4
0.4
0.4
0.4
1.1
1.1
1.1
1.1
1.1
1.1
1.1
1.1
0.2
0.9
0.9
0.9
0.9
0.9
0.9
0.9
0.9
1
1
0.2
0.2
0.2
0.2
0.2
0.2
0.2
0.8
0.8
0.8
0.8
0.8
0.8
0.8
0.8
0.6
0.6
0.6
0.6
0.6
0.6
0.6
0.6
0.2
0.2
0.2
0.2
0.2
0.2
0.2
0.2
0.3
0.3
0.3
0.3
0.3
0.3
0.3
0.3
0.5
0.5
0.5
0.5
0.5
0.5
0.5
0.5
0.4
0.4
0.4
0.4
0.4
0.4
0.4
0.4
0.092
0.092
0.092
0.092
0.092
0.092
0.092
0.092
0.4
0.4
0.4
0.4
0.4
0.4
0.4
0.4
0.3
0.3
0.3
0.3
0.3
0.3
0.3
0.3
0.5
0.5
0.5
0.5
0.5
0.5
0.5
0.5
0.088
0.088
0.088
0.088
0.088
0.088
0.088
0.088
0.2
0.2
0.2
0.2
0.2
0.2
0.2
0.2
0.08
0.08
0.08
0.08
0.08
0.08
0.08
0.08
0.3
0.3
0.3
0.3
0.3
0.3
0.3
0.3
0.2
0.2
0.2
0.2
0.2
0.2
0.2
0.2
2.1
2.1
2.1
2.1
2.1
2.1
2.1
2.1
2.4
2.4
2.4
2.4
2.4
2.4
2.4
2.4
2.4
2.4
2.4
2.4
2.4
2.4
2.4
2.4
5.3
5.3
5.3
5.3
5.3
5.3
5.3
5.3
1.5
1.5
1.5
1.5
1.5
1.5
1.5
1.5
5.3
5.3
5.3
5.3
5.3
5.3
5.3
5.3
5.5
5.5
5.5
5.5
5
5
5
5
5
5
5
5
4.4
4.4
4.4
4.4
4.4
4.4
4.4
4.4
0.8
0.8
0.8
0.8
0.8
0.8
0.8
0.8
1.5
1.5
1.5
1.5
1.5
1.5
1.5
1.5
5.2
5.2
5.2
5.2
5.2
5.2
5.2
5.2
3.3
3.3
3.3
3.3
3.3
3.3
3.3
3.3
3.5
3.5
3.5
3.5
3.5
3.5
3.5
3.5
3.1
3.1
3.1
3.1
3.1
3.1
3.1
3.1
2.5
2.5
2.5
2.5
2.5
2.5
2.5
2.5
0.3
0.3
0.3
0.3
0.3
0.3
0.3
0.3
0.7
0.7
0.7
0.7
0.7
0.7
0.7
0.7
0.5
0.5
0.5
0.5
0.5
0.5
0.5
0.5
0.5
0.5
0.5
0.5
0.5
0.5
0.5
0.5
0.7
0.7
0.7
0.7
0.7
0.7
0.7
0.7
0.7
0.7
0.7
0.7
0.7
0.7
0.7
0.7
0.2
0.2
0.2
0.2
0.2
0.2
0.2
0.7
0.7
0.7
0.7
0.7
0.7
0.7
0.7
0.3
0.3
0.3
0.3
0.3
0.3
0.3
0.3
0.7
0.7
0.7
0.7
0.7
0.7
0.7
0.7
0.9
0.9
0.9
0.9
0.9
0.9
0.9
0.9
1.1
1.1
1.1
1.1
1.1
1.1
1.1
1.1
0.3
0.3
0.3
0.3
0.3
0.3
0.3
0.3
0.7
0.7
0.7
0.7
0.7
0.7
0.7
0.7
1.5
1.5
1.5
1.5
1.5
1.5
1.5
1.5
0.8
0.8
0.8
0.8
0.8
0.8
0.8
0.8
0.3
0.3
0.3
0.3
0.3
0.3
0.3
0.3
1.6
1.6
1.6
1.6
1.6
1.6
1.6
1.6
0.1
0.1
0.1
0.1
0.1
0.1
0.1
0.1
0.5
0.5
0.5
0.5
0.5
0.5
0.5
0.5
0.2
0.2
0.2
0.2
0.2
0.2
0.2
0.2
0.4
0.4
0.4
0.4
0.4
0.4
0.4
0.4
0.2
0.2
0.2
0.2
0.2
0.2
0.2
0.2
0.4
0.4
0.4
0.4
0.4
0.4
0.4
0.2
0.2
0.2
0.2
0.2
0.2
0.2
0.2
0.4
0.4
0.4
0.4
0.4
0.4
0.4
0.4
0.1
0.1
0.1
0.1
0.1
0.1
0.1
0.1
0.5
0.5
0.5
0.5
0.5
0.5
0.5
0.5
0.5
0.5
0.5
0.5
0.5
0.5
0.5
0.5
0.001
0.001
0.001
0.001
0.001
0.001
0.001
0.001
0.5
0.5
0.5
0.5
0.5
0.5
0.5
0.5
0.008
