23.039347,72.5323109
23.0393369,72.53232
23.0393604,72.5323189
23.0393604,72.5323189
23.0393604,72.5323189
23.0393604,72.5323189
23.0393604,72.5323189
23.03814,72.5329605
23.03814,72.5329605
23.03814,72.5329605
23.03814,72.5329605
23.03814,72.5329605
23.0367308,72.5321811
23.0367308,72.5321811
23.0367308,72.5321811
23.0367308,72.5321811
23.0367308,72.5321811
23.036705,72.5321723
23.036705,72.5321723
23.036705,72.5321723
23.036705,72.5321723
23.036705,72.5321723
23.0365131,72.5320656
23.0365131,72.5320656
23.0365131,72.5320656
23.0365131,72.5320656
23.0365131,72.5320656
23.0364615,72.5320445
23.0364615,72.5320445
23.0364615,72.5320445
23.0364615,72.5320445
23.0364615,72.5320445
23.0363464,72.5320143
23.0363464,72.5320143
23.0363464,72.5320143
23.0363464,72.5320143
23.0363464,72.5320143
23.036263,72.5320377
23.036263,72.5320377
23.036263,72.5320377
23.036263,72.5320377
23.036263,72.5320377
23.0361265,72.5321886
23.0361265,72.5321886
23.0361265,72.5321886
23.0361265,72.5321886
23.0361265,72.5321886
23.0358704,72.5325926
23.0358704,72.5325926
23.0358704,72.5325926
23.0358704,72.5325926
23.0358704,72.5325926
23.0355748,72.533172
23.0355748,72.533172
23.0355748,72.533172
23.0355748,72.533172
23.0355748,72.533172
23.0351618,72.5339642
23.0351618,72.5339642
23.0351618,72.5339642
23.0351618,72.5339642
23.0351618,72.5339642
23.0347741,72.5346544
23.0347741,72.5346544
23.0347741,72.5346544
23.0347741,72.5346544
23.0347741,72.5346544
23.0344103,72.5352451
23.0344103,72.5352451
23.0344103,72.5352451
23.0344103,72.5352451
23.0344103,72.5352451
23.0342679,72.5354922
23.0342679,72.5354922
23.0342679,72.5354922
23.0342679,72.5354922
23.0342679,72.5354922
23.0342852,72.535491
23.0342852,72.535491
23.0342852,72.535491
23.0342852,72.535491
23.0342852,72.535491
23.03428,72.5355012
23.03428,72.5355012
23.03428,72.5355012
23.03428,72.5355012
23.03428,72.5355012
23.0342743,72.5355136
23.0342743,72.5355136
23.0342743,72.5355136
23.0342743,72.5355136
23.0342743,72.5355136
23.0336564,72.53539
23.0336564,72.53539
23.0336564,72.53539
23.0336564,72.53539
23.0336564,72.53539
23.0328196,72.5346812
23.0328196,72.5346812
23.0328196,72.5346812
23.0328196,72.5346812
23.0328196,72.5346812
23.0318652,72.5338533
23.0318652,72.5338533
23.0318652,72.5338533
23.0318652,72.5338533
23.0318652,72.5338533
23.0308109,72.5331217
23.0308109,72.5331217
23.0308109,72.5331217
23.0308109,72.5331217
23.0308109,72.5331217
23.029696,72.5324772
23.029696,72.5324772
23.029696,72.5324772
23.029696,72.5324772
23.029696,72.5324772
23.0287943,72.5319561
23.0287943,72.5319561
23.0287943,72.5319561
23.0287943,72.5319561
23.0287943,72.5319561
23.0284013,72.5318161
23.0284013,72.5318161
23.0284013,72.5318161
23.0284013,72.5318161
23.0284013,72.5318161
23.0283436,72.5317695
23.0283436,72.5317695
23.0283436,72.5317695
23.0283436,72.5317695
23.0283436,72.5317695
23.0283231,72.5317637
23.0283231,72.5317637
23.0283231,72.5317637
23.0283231,72.5317637
23.0283231,72.5317637
23.0277274,72.5314962
23.0277274,72.5314962
23.0277274,72.5314962
23.0277274,72.5314962
23.0277274,72.5314962
23.0268317,72.5311338
23.0268317,72.5311338
23.0268317,72.5311338
23.0268317,72.5311338
23.0268317,72.5311338
23.0256702,72.5306576
23.0256702,72.5306576
23.0256702,72.5306576
23.0256702,72.5306576
23.0256702,72.5306576
23.0245684,72.5303008
23.0245684,72.5303008
23.0245684,72.5303008
23.0245684,72.5303008
23.0245684,72.5303008
23.0233615,72.5303421
23.0233615,72.5303421
23.0233615,72.5303421
23.0233615,72.5303421
23.0233615,72.5303421
23.0221944,72.5303039
23.0221944,72.5303039
23.0221944,72.5303039
23.0221944,72.5303039
23.0221944,72.5303039
23.0209081,72.5302434
23.0209081,72.5302434
23.0209081,72.5302434
23.0209081,72.5302434
23.0209081,72.5302434
23.0200246,72.530246
23.0200246,72.530246
23.0200246,72.530246
23.0200246,72.530246
23.0200246,72.530246
23.0195955,72.5302477
23.0195955,72.5302477
23.0195955,72.5302477
23.0195955,72.5302477
23.0195955,72.5302477
23.0191541,72.5302371
23.0191541,72.5302371
23.0191541,72.5302371
23.0191541,72.5302371
23.0191541,72.5302371
23.0178618,72.5301621
23.0167418,72.5302623
23.0167418,72.5302623
23.0167418,72.5302623
23.0167418,72.5302623
23.0167418,72.5302623
23.0159475,72.5303933
23.0159475,72.5303933
23.0159475,72.5303933
23.0159475,72.5303933
23.0159475,72.5303933
23.0157112,72.5304522
23.0157112,72.5304522
23.0157112,72.5304522
23.0157112,72.5304522
23.0157112,72.5304522
23.0150895,72.5305465
23.0150895,72.5305465
23.0150895,72.5305465
23.0150895,72.5305465
23.0150895,72.5305465
23.0143573,72.5306231
23.0143573,72.5306231
23.0143573,72.5306231
23.0143573,72.5306231
23.0143573,72.5306231
23.0133336,72.5307338
23.0133336,72.5307338
23.0133336,72.5307338
23.0133336,72.5307338
23.0133336,72.5307338
23.0123008,72.5310298
23.0123008,72.5310298
23.0123008,72.5310298
23.0123008,72.5310298
23.0123008,72.5310298
23.0114097,72.5313085
23.0114097,72.5313085
23.0114097,72.5313085
23.0114097,72.5313085
23.0114097,72.5313085
23.0108192,72.5315025
23.0108192,72.5315025
23.0108192,72.5315025
23.0108192,72.5315025
23.0108192,72.5315025
23.010203,72.5316057
23.010203,72.5316057
23.010203,72.5316057
23.010203,72.5316057
23.010203,72.5316057
23.0094829,72.5317173
23.0094829,72.5317173
23.0094829,72.5317173
23.0094829,72.5317173
23.0094829,72.5317173
23.0087757,72.5319888
23.0087757,72.5319888
23.0087757,72.5319888
23.0087757,72.5319888
23.0087757,72.5319888
23.0080273,72.5322726
23.0080273,72.5322726
23.0080273,72.5322726
23.0080273,72.5322726
23.0080273,72.5322726
23.0073652,72.5326001
23.0073652,72.5326001
23.0073652,72.5326001
23.0073652,72.5326001
23.0073652,72.5326001
23.0067992,72.5329253
23.0067992,72.5329253
23.0067992,72.5329253
23.0067992,72.5329253
23.0067992,72.5329253
23.0066022,72.5330719
23.0066022,72.5330719
23.0066022,72.5330719
23.0066022,72.5330719
23.0066022,72.5330719
23.0064747,72.5331426
23.0064747,72.5331426
23.0064747,72.5331426
23.0064747,72.5331426
23.0064747,72.5331426
23.0023308,72.5351374
23.0023308,72.5351374
23.0023308,72.5351374
23.0015125,72.5355065
23.0007952,72.5358279
22.9996267,72.5363467
22.9996267,72.5363467
22.9996267,72.5363467
22.9996267,72.5363467
22.9987937,72.5367233
22.9996267,72.5363467
22.9984501,72.5368816
22.9984501,72.5368816
22.9984501,72.5368816
22.9984501,72.5368816
22.9984501,72.5368816
22.9984245,72.5369012
22.9984245,72.5369012
22.9984245,72.5369012
22.9984245,72.5369012
22.9984245,72.5369012
23.0015125,72.5355065
23.0030143,72.5348261
23.0030143,72.5348261
23.0015125,72.5355065
23.0015125,72.5355065
23.0003827,72.5360152
23.0003827,72.5360152
23.0003827,72.5360152
23.0007952,72.5358279
23.0007952,72.5358279
23.0007952,72.5358279
23.0015125,72.5355065
23.0007952,72.5358279
22.9984162,72.536908
22.9984162,72.536908
22.9984162,72.536908
22.9984162,72.536908
22.9984162,72.536908
22.9982289,72.5369861
22.9982289,72.5369861
22.9982289,72.5369861
22.9982289,72.5369861
22.9982289,72.5369861
22.998167,72.5370161
22.998167,72.5370161
22.998167,72.5370161
22.998167,72.5370161
22.998167,72.5370161
22.998176,72.5370176
22.998176,72.5370176
22.998176,72.5370176
22.998176,72.5370176
22.998176,72.5370176
22.9981865,72.5370239
22.9981865,72.5370239
22.9981865,72.5370239
22.9981865,72.5370239
22.9981865,72.5370239
22.9982133,72.5370429
22.9982133,72.5370429
22.9982133,72.5370429
22.9982133,72.5370429
22.9982133,72.5370429
22.9982021,72.5370538
22.9982021,72.5370538
22.9982021,72.5370538
22.9982021,72.5370538
22.9982021,72.5370538
22.9980242,72.5370986
22.9980242,72.5370986
22.9980242,72.5370986
22.9980242,72.5370986
22.9980242,72.5370986
22.9979171,72.5371396
22.9979171,72.5371396
22.9979171,72.5371396
22.9979171,72.5371396
22.9979171,72.5371396
22.9979064,72.537137
22.9979064,72.537137
22.9979064,72.537137
22.9979064,72.537137
22.9979064,72.537137
22.9978748,72.5371501
22.9978748,72.5371501
22.9978748,72.5371501
22.9978748,72.5371501
22.9978748,72.5371501
22.9978641,72.5371599
22.9978641,72.5371599
22.9978641,72.5371599
22.9978641,72.5371599
22.9978401,72.5371982
22.9978401,72.5371982
22.9978401,72.5371982
22.9978401,72.5371982
22.9978401,72.5371982
22.997821,72.5372088
22.997821,72.5372088
22.997821,72.5372088
22.997821,72.5372088
22.997821,72.5372088
22.997796,72.5372267
22.997796,72.5372267
22.997796,72.5372267
22.997796,72.5372267
22.997796,72.5372267
22.9969665,72.5376883
22.9969665,72.5376883
22.9969665,72.5376883
22.9969665,72.5376883
22.9969665,72.5376883
22.9969589,72.5376773
22.9969589,72.5376773
22.9969589,72.5376773
22.9969589,72.5376773
22.9969589,72.5376773
22.9969512,72.537683
22.9969512,72.537683
22.9969512,72.537683
22.9969512,72.537683
22.9969512,72.537683
22.9969736,72.537682
22.9969736,72.537682
22.9969736,72.537682
22.9969736,72.537682
22.9969736,72.537682
22.996935,72.5376825
22.996935,72.5376825
22.996935,72.5376825
22.996935,72.5376825
22.996935,72.5376825
22.9969252,72.5376859
22.9969252,72.5376859
22.9969252,72.5376859
22.9969252,72.5376859
22.9969252,72.5376859
22.9967419,72.5377692
22.9967419,72.5377692
22.9967419,72.5377692
22.9967419,72.5377692
22.9967419,72.5377692
22.99671,72.5377827
22.99671,72.5377827
22.99671,72.5377827
22.99671,72.5377827
22.99671,72.5377827
22.9967139,72.5377915
22.9967139,72.5377915
22.9967139,72.5377915
22.9967139,72.5377915
22.9967139,72.5377915
22.9967045,72.5377897
22.9967045,72.5377897
22.9967045,72.5377897
22.9967045,72.5377897
22.9967045,72.5377897
22.9960308,72.5361455
22.9958592,72.5353737
22.9956809,72.5346504
22.9956809,72.5346504
22.9955949,72.5343054
22.9955495,72.5341579
22.9955495,72.5341579
22.9955495,72.5341579
22.9955495,72.5341579
22.9954376,72.5339257
22.9955495,72.5341579
22.9947687,72.5341367
22.9947687,72.5341367
22.9947687,72.5341367
22.9947687,72.5341367
22.9947687,72.5341367
22.9940195,72.5347027
22.9940195,72.5347027
22.9940195,72.5347027
22.9940195,72.5347027
22.9940195,72.5347027
22.9960308,72.5361455
22.9960308,72.5361455
22.9956809,72.5346504
22.9958592,72.5353737
22.9956809,72.5346504
22.9955949,72.5343054
22.9955949,72.5343054
22.9955949,72.5343054
22.9955949,72.5343054
22.9923811,72.5354564
22.9923811,72.5354564
22.9923811,72.5354564
22.9923811,72.5354564
22.9923811,72.5354564
22.9907069,72.5365655
22.9907069,72.5365655
22.9907069,72.5365655
22.9907069,72.5365655
22.9907069,72.5365655
22.9914786,72.5391026
22.9914786,72.5391026
22.9914786,72.5391026
22.9914786,72.5391026
22.9914786,72.5391026
22.9878019,72.5395232
22.9878019,72.5395232
22.9878019,72.5395232
22.9898779,72.5387838
22.9898779,72.5387838
22.9898779,72.5387838
22.9898779,72.5387838
22.9898779,72.5387838
22.9878019,72.5395232
22.9878019,72.5395232
22.9878019,72.5395232
22.9878019,72.5395232
22.9878019,72.5395232
22.9877886,72.5391465
22.9877886,72.5391465
22.9877886,72.5391465
22.9877886,72.5391465
22.9877886,72.5391465
22.9860741,72.540359
22.9860741,72.540359
22.9860741,72.540359
22.9860741,72.540359
22.9860741,72.540359
22.9852592,72.5409329
22.9852592,72.5409329
22.9852592,72.5409329
22.9852592,72.5409329
22.9852592,72.5409329
22.9848126,72.5412224
22.9848126,72.5412224
22.9848126,72.5412224
22.9848126,72.5412224
22.9848126,72.5412224
22.9843407,72.5415476
22.9843407,72.5415476
22.9843407,72.5415476
22.9843407,72.5415476
22.9843407,72.5415476
22.9838203,72.5419171
22.9838203,72.5419171
22.9838203,72.5419171
22.9838203,72.5419171
22.9838203,72.5419171
22.9831923,72.5423653
22.9831923,72.5423653
22.9831923,72.5423653
22.9831923,72.5423653
22.9831923,72.5423653
22.9826431,72.54276
22.9826431,72.54276
22.9826431,72.54276
22.9826431,72.54276
22.9826431,72.54276
22.9820744,72.5431717
22.9820744,72.5431717
22.9820744,72.5431717
22.9820744,72.5431717
22.9820744,72.5431717
22.981478,72.5435952
22.981478,72.5435952
22.981478,72.5435952
22.981478,72.5435952
22.981478,72.5435952
22.9809362,72.543959
22.9809362,72.543959
22.9809362,72.543959
22.9809362,72.543959
22.9809362,72.543959
22.9801647,72.5445373
22.9801647,72.5445373
22.9801647,72.5445373
22.9801647,72.5445373
22.9801647,72.5445373
22.9752018,72.5601917
22.9749572,72.5625772
22.9750715,72.5612516
22.9750524,72.5615419
22.9750524,72.5615419
22.9749572,72.5625772
22.9748145,72.5639283
22.9749572,72.5625772
22.9748145,72.5639283
22.9749572,72.5625772
22.9757599,72.5551277
22.9748145,72.5639283
22.9748145,72.5639283
22.9750524,72.5615419
22.9750524,72.5615419
22.9750524,72.5615419
22.9752018,72.5601917
22.9750715,72.5612516
22.9746288,72.5655712
22.9746288,72.5655712
22.9746288,72.5655712
22.9755297,72.5569171
22.97536,72.558666
22.9755297,72.5569171
22.9752018,72.5601917
22.9752018,72.5601917
22.9750715,72.5612516
22.9750715,72.5612516
22.97536,72.558666
22.9750715,72.5612516
22.9744329,72.5709462
22.9748454,72.5650316
22.9740554,72.5710225
22.9740554,72.5710225
22.9740554,72.5710225
22.9740554,72.5710225
22.9740554,72.5710225
22.9738817,72.5724661
22.9738817,72.5724661
22.9738817,72.5724661
22.9738817,72.5724661
22.9738817,72.5724661
22.9737405,72.5739201
22.9737405,72.5739201
22.9737405,72.5739201
22.9737405,72.5739201
22.9737405,72.5739201
22.973561,72.5755708
22.973561,72.5755708
22.973561,72.5755708
22.973561,72.5755708
22.973561,72.5755708
22.9734076,72.5770823
22.9734076,72.5770823
22.9734076,72.5770823
22.9734076,72.5770823
22.9734076,72.5770823
22.9732757,72.5783319
22.9732757,72.5783319
22.9732757,72.5783319
22.9732757,72.5783319
22.9732757,72.5783319
22.9732138,72.5789427
22.9732138,72.5789427
22.9732138,72.5789427
22.9732138,72.5789427
22.9732138,72.5789427
22.9731186,72.5797894
22.9731186,72.5797894
22.9731186,72.5797894
22.9731186,72.5797894
22.9731186,72.5797894
22.9729978,72.5809405
22.9729978,72.5809405
22.9729978,72.5809405
22.9729978,72.5809405
22.9729978,72.5809405
22.9728675,72.5821151
22.9728675,72.5821151
22.9728675,72.5821151
22.9728675,72.5821151
22.9728675,72.5821151
22.972787,72.5833596
22.972787,72.5833596
22.972787,72.5833596
22.972787,72.5833596
22.972787,72.5833596
22.9727377,72.5848789
22.9727377,72.5848789
22.9727377,72.5848789
22.9727377,72.5848789
22.9727377,72.5848789
22.9727743,72.5863353
22.9727743,72.5863353
22.9727743,72.5863353
22.9727743,72.5863353
22.9727743,72.5863353
22.9728477,72.5877562
22.9728477,72.5877562
22.9728477,72.5877562
22.9728477,72.5877562
22.9730539,72.5893023
22.9730539,72.5893023
22.9730539,72.5893023
22.9730539,72.5893023
22.9730539,72.5893023
22.9731836,72.5909124
22.9731836,72.5909124
22.9731836,72.5909124
22.9731836,72.5909124
22.9731836,72.5909124
22.9733614,72.5925695
22.9733614,72.5925695
22.9733614,72.5925695
22.9733614,72.5925695
22.9733614,72.5925695
22.9745634,72.5967896
22.9745634,72.5967896
22.9745634,72.5967896
22.9745634,72.5967896
22.9745634,72.5967896
22.9737277,72.594072
22.9737277,72.594072
22.9737277,72.594072
22.9737277,72.594072
22.9737277,72.594072
22.9749592,72.5981115
22.9749592,72.5981115
22.9749592,72.5981115
22.9749592,72.5981115
22.9749592,72.5981115
22.974204,72.5954627
22.974204,72.5954627
22.974204,72.5954627
22.974204,72.5954627
22.974204,72.5954627
22.9753594,72.5993415
22.9753594,72.5993415
22.9753594,72.5993415
22.9753594,72.5993415
22.9753594,72.5993415
22.97571,72.6004078
22.97571,72.6004078
22.97571,72.6004078
22.97571,72.6004078
22.97571,72.6004078
22.9759356,72.6011177
22.9759356,72.6011177
22.9759356,72.6011177
22.9759356,72.6011177
22.9759356,72.6011177
22.9760391,72.6013798
22.9760391,72.6013798
22.9760391,72.6013798
22.9760391,72.6013798
22.9760391,72.6013798
22.9760464,72.6014074
22.9760464,72.6014074
22.9760464,72.6014074
22.9760464,72.6014074
22.9760464,72.6014074
22.9761149,72.6016585
22.9761149,72.6016585
22.9761149,72.6016585
22.9761149,72.6016585
22.9761149,72.6016585
22.9761729,72.6018782
22.9761729,72.6018782
22.9761729,72.6018782
22.9761729,72.6018782
22.9761729,72.6018782
22.9763694,72.6025837
22.9763694,72.6025837
22.9763694,72.6025837
22.9763694,72.6025837
22.9763694,72.6025837
22.9767301,72.6035415
22.9767301,72.6035415
22.9767301,72.6035415
22.9767301,72.6035415
22.9767301,72.6035415
22.9770622,72.6044832
22.9770622,72.6044832
22.9770622,72.6044832
22.9770622,72.6044832
22.9770622,72.6044832
22.9774516,72.6056209
22.9774516,72.6056209
22.9774516,72.6056209
22.9774516,72.6056209
22.9774516,72.6056209
22.9778447,72.6067132
22.9778447,72.6067132
22.9778447,72.6067132
22.9778447,72.6067132
22.9778447,72.6067132
22.9781671,72.6079524
22.9781671,72.6079524
22.9781671,72.6079524
22.9781671,72.6079524
22.9781671,72.6079524
22.9784178,72.6092104
22.9784178,72.6092104
22.9784178,72.6092104
22.9784178,72.6092104
22.9784178,72.6092104
22.9786188,72.6102
22.9786188,72.6102
22.9787024,72.610595
22.9787024,72.610595
22.9787024,72.610595
22.9787024,72.610595
22.9787024,72.610595
22.9787281,72.6108182
22.9787281,72.6108182
22.9787281,72.6108182
22.9787281,72.6108182
22.9787281,72.6108182
22.9788059,72.6112205
22.9788059,72.6112205
22.9788059,72.6112205
22.9788059,72.6112205
22.9788059,72.6112205
22.9789773,72.6119828
22.9789773,72.6119828
22.9789773,72.6119828
22.9789773,72.6119828
22.9789773,72.6119828
22.9792583,72.6131539
22.9792583,72.6131539
22.9792583,72.6131539
22.9792583,72.6131539
22.9792583,72.6131539
22.9795815,72.6144447
22.9795815,72.6144447
22.9795815,72.6144447
22.9795815,72.6144447
22.9795815,72.6144447
22.9849924,72.6251474
22.9858091,72.6259848
22.9858091,72.6259848
22.9866792,72.6269026
22.9866792,72.6269026
22.9875288,72.6277994
22.9881263,72.628439
22.9881263,72.628439
22.9881263,72.628439
22.9881263,72.628439
22.9875288,72.6277994
22.9882717,72.6286826
22.9875288,72.6277994
22.9882717,72.6286826
22.9875288,72.6277994
22.9866792,72.6269026
22.9882717,72.6286826
22.9880834,72.6291219
22.9878034,72.6296606
22.9878034,72.6296606
22.9878034,72.6296606
22.9878034,72.6296606
22.9849924,72.6251474
22.9858091,72.6259848
22.9858091,72.6259848
22.9858091,72.6259848
22.9849924,72.6251474
22.9866792,72.6269026
22.9875288,72.6277994
22.9849924,72.6251474
22.9866792,72.6269026
22.9875416,72.6301231
22.9875416,72.6301231
22.9875416,72.6301231
22.9875416,72.6301231
22.9875416,72.6301231
22.987874,72.6298415
22.987874,72.6298415
22.987874,72.6298415
22.987874,72.6298415
22.987874,72.6298415
22.9853667,72.6306796
22.9853667,72.6306796
22.9853667,72.6306796
22.9853667,72.6306796
22.9853667,72.6306796
22.9877835,72.6292494
22.9877835,72.6292494
22.9877835,72.6292494
22.9877835,72.6292494
22.9877835,72.6292494
22.9871386,72.6300597
22.9871386,72.6300597
22.9871386,72.6300597
22.9871386,72.6300597
22.9871386,72.6300597
22.9885344,72.6288285
22.9885344,72.6288285
22.9885344,72.6288285
22.9885344,72.6288285
22.9885344,72.6288285
22.9874789,72.6304337
22.9874789,72.6304337
22.9874789,72.6304337
22.9874789,72.6304337
22.9874789,72.6304337
22.9874704,72.6304383
22.9874704,72.6304383
22.9874704,72.6304383
22.9874704,72.6304383
22.9874611,72.6304374
22.9874611,72.6304374
22.9874611,72.6304374
22.9874611,72.6304374
22.9874611,72.6304374
22.9874949,72.6308354
22.9874949,72.6308354
22.9874949,72.6308354
22.9874949,72.6308354
22.9874949,72.6308354
22.9878363,72.6299403
22.9878363,72.6299403
22.9878363,72.6299403
22.9878363,72.6299403
22.9878363,72.6299403
22.9876905,72.6295076
22.9876905,72.6295076
22.9876905,72.6295076
22.9876905,72.6295076
22.9876905,72.6295076
22.9875174,72.6306807
22.9875174,72.6306807
22.9875174,72.6306807
22.9875174,72.6306807
22.9875174,72.6306807
22.9852022,72.630618
22.9852022,72.630618
22.9852022,72.630618
22.9852022,72.630618
22.9852022,72.630618
22.9851826,72.6306175
22.9851826,72.6306175
22.9851826,72.6306175
22.9851826,72.6306175
22.9851826,72.6306175
22.9876241,72.6299136
22.9876241,72.6299136
22.9876241,72.6299136
22.9876241,72.6299136
22.9876241,72.6299136
22.9878645,72.6298442
22.9878645,72.6298442
22.9878645,72.6298442
22.9878645,72.6298442
22.9878645,72.6298442
22.9896935,72.6297155
22.9896935,72.6297155
22.9896935,72.6297155
22.9896935,72.6297155
22.9896935,72.6297155
22.9767301,72.6491999
22.9766497,72.6493913
22.9767301,72.6491999
22.9766497,72.6493913
22.9765691,72.6495084
22.9765691,72.6495084
22.9765935,72.6494964
22.9765935,72.6494964
22.9765935,72.6494964
22.9765935,72.6494964
22.9765691,72.6495084
22.9765935,72.6494964
22.9766497,72.6493913
22.9765691,72.6495084
22.9765691,72.6495084
22.9765682,72.649519
22.9765682,72.649519
22.9765682,72.649519
22.9765682,72.649519
22.9765682,72.649519
22.9754967,72.6507804
22.9754967,72.6507804
22.9754967,72.6507804
22.9754967,72.6507804
22.9754967,72.6507804
22.9759738,72.650297
22.9759738,72.650297
22.9759738,72.650297
22.9759738,72.650297
22.9759738,72.650297
22.975934,72.6503281
22.975934,72.6503281
22.975934,72.6503281
22.975934,72.6503281
22.975934,72.6503281
22.9759289,72.6503177
22.9759289,72.6503177
22.9759289,72.6503177
22.9759289,72.6503177
22.9759289,72.6503177
22.9759225,72.6503267
22.9759225,72.6503267
22.9759225,72.6503267
22.9759225,72.6503267
22.9759225,72.6503267
22.9758839,72.6503973
22.9758839,72.6503973
22.9758839,72.6503973
22.9758839,72.6503973
22.9758839,72.6503973
22.9756654,72.6507616
22.9756654,72.6507616
22.9756654,72.6507616
22.9756654,72.6507616
22.9756654,72.6507616
22.9752433,72.6515133
22.9752433,72.6515133
22.9752433,72.6515133
22.9752433,72.6515133
22.9752433,72.6515133
22.9747624,72.6523899
22.9747624,72.6523899
22.9747624,72.6523899
22.9747624,72.6523899
22.9747624,72.6523899
22.9740281,72.6537368
22.9740281,72.6537368
22.9740281,72.6537368
22.9740281,72.6537368
22.9740281,72.6537368
22.9723846,72.6564977
22.9723846,72.6564977
22.9723846,72.6564977
22.9723846,72.6564977
22.9723846,72.6564977
22.9731229,72.6551896
22.9731229,72.6551896
22.9731229,72.6551896
22.9731229,72.6551896
22.9731229,72.6551896
22.9718701,72.6573697
22.9718701,72.6573697
22.9718701,72.6573697
22.9718701,72.6573697
22.9718701,72.6573697
22.9740281,72.6537368
22.9740281,72.6537368
22.9740281,72.6537368
22.9740281,72.6537368
22.9686617,72.6630359
22.9685677,72.6631787
22.9685677,72.6631787
22.9685677,72.6631787
22.9686617,72.6630359
22.9686617,72.6630359
22.9685677,72.6631787
22.9685561,72.663186
22.9685561,72.663186
22.9685561,72.663186
22.9685677,72.6631787
22.9686617,72.6630359
22.9688948,72.6625598
22.9688948,72.6625598
22.9685561,72.663186
22.9688948,72.6625598
22.9688948,72.6625598
22.9688948,72.6625598
22.9685561,72.663186
22.9586456,72.6810992
22.9611854,72.6762472
22.9586456,72.6810992
22.9586456,72.6810992
22.9586456,72.6810992
22.9611854,72.6762472
22.9611854,72.6762472
22.9603286,72.6779392
22.9603286,72.6779392
22.9595599,72.6794489
22.9595599,72.6794489
22.9577767,72.6827491
22.9586456,72.6810992
22.9577767,72.6827491
22.9577767,72.6827491
22.9577767,72.6827491
22.9568416,72.6843798
22.9603286,72.6779392
22.955979,72.6859476
22.955979,72.6859476
22.955177,72.6875337
22.9577767,72.6827491
22.955177,72.6875337
22.955979,72.6859476
22.955979,72.6859476
22.955979,72.6859476
22.955177,72.6875337
22.955177,72.6875337
22.955177,72.6875337
22.9611854,72.6762472
22.9595599,72.6794489
22.9603286,72.6779392
22.9595599,72.6794489
22.9595599,72.6794489
22.9620128,72.6748095
22.9543803,72.6890375
22.9543803,72.6890375
22.9543803,72.6890375
22.9543803,72.6890375
22.9543803,72.6890375
22.953554,72.6906354
22.953554,72.6906354
22.953554,72.6906354
22.953554,72.6906354
22.953554,72.6906354
22.9528008,72.6919999
22.9528008,72.6919999
22.9528008,72.6919999
22.9528008,72.6919999
22.9528008,72.6919999
22.9519517,72.6935275
22.9519517,72.6935275
22.9519517,72.6935275
22.9519517,72.6935275
22.9519517,72.6935275
22.9509971,72.6954207
22.9509971,72.6954207
22.9509971,72.6954207
22.9509971,72.6954207
22.9509971,72.6954207
22.9500744,72.6971383
22.9500744,72.6971383
22.9500744,72.6971383
22.9500744,72.6971383
22.9490957,72.6989456
22.9490957,72.6989456
22.9490957,72.6989456
22.9490957,72.6989456
22.9490957,72.6989456
22.9480993,72.7008173
22.9480993,72.7008173
22.9480993,72.7008173
22.9480993,72.7008173
22.9480993,72.7008173
22.9469304,72.7028136
22.9469304,72.7028136
22.9469304,72.7028136
22.9469304,72.7028136
22.9469304,72.7028136
22.9458029,72.7048508
22.9458029,72.7048508
22.9458029,72.7048508
22.9458029,72.7048508
22.9458029,72.7048508
22.9447436,72.7067414
22.9447436,72.7067414
22.9447436,72.7067414
22.9447436,72.7067414
22.9447436,72.7067414
22.9435492,72.7087756
22.9435492,72.7087756
22.9435492,72.7087756
22.9435492,72.7087756
22.9435492,72.7087756
22.9427096,72.7102669
22.9427096,72.7102669
22.9427096,72.7102669
22.9427096,72.7102669
22.9427096,72.7102669
22.9394667,72.7160654
22.9394667,72.7160654
22.9394667,72.7160654
22.9394667,72.7160654
22.9394667,72.7160654
22.9376839,72.7191803
22.9376839,72.7191803
22.9376839,72.7191803
22.9376839,72.7191803
22.9376839,72.7191803
22.9375695,72.7194003
22.9375695,72.7194003
22.9375695,72.7194003
22.9375695,72.7194003
22.9375695,72.7194003
22.9386451,72.7172899
22.9386451,72.7172899
22.9386451,72.7172899
22.9386451,72.7172899
22.9386451,72.7172899
22.9345862,72.7247415
22.9345862,72.7247415
22.9345862,72.7247415
22.9345862,72.7247415
22.9345862,72.7247415
22.9342596,72.7253741
22.9342596,72.7253741
22.9342596,72.7253741
22.9342596,72.7253741
22.9342596,72.7253741
22.9321915,72.7295033
22.9321915,72.7295033
22.9321915,72.7295033
22.9321915,72.7295033
22.9321915,72.7295033
22.9316358,72.730667
22.9316358,72.730667
22.9316358,72.730667
22.9316358,72.730667
22.9316358,72.730667
22.9295091,72.7350204
22.9295091,72.7350204
22.9295091,72.7350204
22.9295091,72.7350204
22.9295091,72.7350204
22.9288192,72.7357616
22.9288192,72.7357616
22.9288192,72.7357616
22.9288192,72.7357616
22.9288192,72.7357616
22.9269536,72.7402575
22.9269536,72.7402575
22.9269536,72.7402575
22.9269536,72.7402575
22.9269536,72.7402575
22.9258688,72.7424588
22.9258688,72.7424588
22.9258688,72.7424588
22.9258688,72.7424588
22.9258688,72.7424588
22.9241566,72.7458804
22.9241566,72.7458804
22.9241566,72.7458804
22.9241566,72.7458804
22.9241566,72.7458804
22.9230786,72.7481229
22.9230786,72.7481229
22.9230786,72.7481229
22.9216093,72.7510727
22.9216093,72.7510727
22.9216093,72.7510727
22.9216093,72.7510727
22.9216093,72.7510727
22.9205486,72.7532628
22.9205486,72.7532628
22.9205486,72.7532628
22.9205486,72.7532628
22.9205486,72.7532628
22.9193522,72.7555675
22.9193522,72.7555675
22.9193522,72.7555675
22.9193522,72.7555675
22.9193522,72.7555675
22.9192097,72.7558234
22.9192097,72.7558234
22.9192097,72.7558234
22.9192097,72.7558234
22.9192097,72.7558234
22.9142556,72.7617458
22.9142556,72.7617458
22.9142556,72.7617458
22.9142556,72.7617458
22.9130949,72.7629393
22.9130949,72.7629393
22.9130949,72.7629393
22.9130949,72.7629393
22.9130949,72.7629393
22.9043479,72.7715928
22.9043479,72.7715928
22.9043479,72.7715928
22.9043479,72.7715928
22.9043479,72.7715928
22.8983284,72.777951
22.8983284,72.777951
22.8983284,72.777951
22.8983284,72.777951
22.8983284,72.777951
22.896844,72.7794742
22.896844,72.7794742
22.896844,72.7794742
22.896844,72.7794742
22.896844,72.7794742
22.895603,72.7807383
22.895603,72.7807383
22.895603,72.7807383
22.895603,72.7807383
22.895603,72.7807383
22.894626,72.7817076
22.894626,72.7817076
22.894626,72.7817076
22.894626,72.7817076
22.894626,72.7817076
22.893198,72.7831275
22.893198,72.7831275
22.893198,72.7831275
22.893198,72.7831275
22.893198,72.7831275
22.8854597,72.7910087
22.8854597,72.7910087
22.8854597,72.7910087
22.8854597,72.7910087
22.8854597,72.7910087
22.8841061,72.7923612
22.8841061,72.7923612
22.8841061,72.7923612
22.8841061,72.7923612
22.8837858,72.7926863
22.8837858,72.7926863
22.8837858,72.7926863
22.8837858,72.7926863
22.8837858,72.7926863
22.8789093,72.7956005
22.8789093,72.7956005
22.8789093,72.7956005
22.8789093,72.7956005
22.8789093,72.7956005
22.8766667,72.7991782
22.8766667,72.7991782
22.8766667,72.7991782
22.8766667,72.7991782
22.8766667,72.7991782
22.8764097,72.7993573
22.8764097,72.7993573
22.8764097,72.7993573
22.8764097,72.7993573
22.8764097,72.7993573
22.8721204,72.8017988
22.8721204,72.8017988
22.8721204,72.8017988
22.8721204,72.8017988
22.8721204,72.8017988
22.8713176,72.8018791
22.8713176,72.8018791
22.8713176,72.8018791
22.8713176,72.8018791
22.8713176,72.8018791
22.8686626,72.8037112
22.8686626,72.8037112
22.8686626,72.8037112
22.8686626,72.8037112
22.8686626,72.8037112
22.8661539,72.8051497
22.8661539,72.8051497
22.8661539,72.8051497
22.8661539,72.8051497
22.8661539,72.8051497
22.8646078,72.8059987
22.8646078,72.8059987
22.8646078,72.8059987
22.8646078,72.8059987
22.8646078,72.8059987
22.8627182,72.8055723
22.8627182,72.8055723
22.8627182,72.8055723
22.8627182,72.8055723
22.8627182,72.8055723
22.8620233,72.807449
22.8620233,72.807449
22.8620233,72.807449
22.8620233,72.807449
22.8620233,72.807449
22.8595705,72.8087946
22.8595705,72.8087946
22.8595705,72.8087946
22.8595705,72.8087946
22.8595705,72.8087946
22.8581894,72.8095318
22.8581894,72.8095318
22.8581894,72.8095318
22.856181,72.8106952
22.856181,72.8106952
22.856181,72.8106952
22.8545559,72.8116234
22.8545559,72.8116234
22.8545559,72.8116234
22.8545559,72.8116234
22.8545559,72.8116234
22.8526285,72.8126964
22.8526285,72.8126964
22.8526285,72.8126964
22.8526285,72.8126964
22.8526285,72.8126964
22.8509026,72.8136708
22.8509026,72.8136708
22.8509026,72.8136708
22.8509026,72.8136708
22.8509026,72.8136708
22.8503435,72.8139644
22.8503435,72.8139644
22.8503435,72.8139644
22.8503435,72.8139644
22.8503435,72.8139644
22.8457717,72.8165498
22.8438938,72.8175934
22.8438938,72.8175934
22.8438938,72.8175934
22.8438938,72.8175934
22.8438938,72.8175934
22.8420789,72.8186075
22.8420789,72.8186075
22.8420789,72.8186075
22.8420789,72.8186075
22.8420789,72.8186075
22.8404276,72.819564
22.8404276,72.819564
22.8404276,72.819564
22.8404276,72.819564
22.8404276,72.819564
22.8383907,72.820672
22.8383907,72.820672
22.8383907,72.820672
22.8383907,72.820672
22.8383907,72.820672
22.8371617,72.8213704
22.8371617,72.8213704
22.8371617,72.8213704
22.8371617,72.8213704
22.8371617,72.8213704
22.8346124,72.8227864
22.8346124,72.8227864
22.8346124,72.8227864
22.8346124,72.8227864
22.8346124,72.8227864
22.8327618,72.8238394
22.8327618,72.8238394
22.8327618,72.8238394
22.8327618,72.8238394
22.8327618,72.8238394
22.8308919,72.8249249
22.8308919,72.8249249
22.8308919,72.8249249
22.8308919,72.8249249
22.8308919,72.8249249
22.8289214,72.826036
22.8289214,72.826036
22.8289214,72.826036
22.8289214,72.826036
22.8289214,72.826036
22.8270723,72.8270014
22.8270723,72.8270014
22.8270723,72.8270014
22.8270723,72.8270014
22.8270723,72.8270014
22.8252469,72.8280752
22.8252469,72.8280752
22.8252469,72.8280752
22.8252469,72.8280752
22.8252469,72.8280752
22.823915,72.8287957
22.823915,72.8287957
22.823915,72.8287957
22.823915,72.8287957
22.823915,72.8287957
22.8222535,72.8297514
22.8222535,72.8297514
22.8222535,72.8297514
22.8222535,72.8297514
22.8222535,72.8297514
22.8205625,72.8306464
22.8205625,72.8306464
22.8205625,72.8306464
22.8205625,72.8306464
22.8205625,72.8306464
22.8187981,72.8313669
22.8187981,72.8313669
22.8187981,72.8313669
22.8187981,72.8313669
22.8187981,72.8313669
22.8168718,72.8321478
22.8168718,72.8321478
22.8168718,72.8321478
22.8168718,72.8321478
22.8168718,72.8321478
22.8148564,72.8329127
22.8148564,72.8329127
22.8148564,72.8329127
22.8148564,72.8329127
22.8148564,72.8329127
22.8129489,72.8337231
22.8129489,72.8337231
22.8129489,72.8337231
22.8129489,72.8337231
22.8129489,72.8337231
22.810819,72.8345644
22.810819,72.8345644
22.810819,72.8345644
22.810819,72.8345644
22.810819,72.8345644
22.8104312,72.8347217
22.8104312,72.8347217
22.8104312,72.8347217
22.8104312,72.8347217
22.8104312,72.8347217
22.8064571,72.8363196
22.8064571,72.8363196
22.8064571,72.8363196
22.8064571,72.8363196
22.8064571,72.8363196
22.8045867,72.8370504
22.8045867,72.8370504
22.8045867,72.8370504
22.8045867,72.8370504
22.8045867,72.8370504
22.8027747,72.8377937
22.8027747,72.8377937
22.8027747,72.8377937
22.8027747,72.8377937
22.8027747,72.8377937
22.8013754,72.8384019
22.8013754,72.8384019
22.8013754,72.8384019
22.8013754,72.8384019
22.8013754,72.8384019
22.7996465,72.839089
22.7996465,72.839089
22.7996465,72.839089
22.7996465,72.839089
22.7996465,72.839089
22.7978069,72.8398016
22.7978069,72.8398016
22.7978069,72.8398016
22.7978069,72.8398016
22.7978069,72.8398016
22.7961464,72.8404723
22.7961464,72.8404723
22.7961464,72.8404723
22.7961464,72.8404723
22.7961464,72.8404723
22.7945251,72.8411204
22.7945251,72.8411204
22.7945251,72.8411204
22.7945251,72.8411204
22.7945251,72.8411204
22.7770833,72.8481381
22.7791184,72.8472907
22.7811479,72.8464619
22.7751997,72.8488977
22.7751997,72.8488977
22.7791184,72.8472907
22.7770833,72.8481381
22.7712386,72.8505861
22.7712386,72.8505861
22.7733113,72.8496585
22.7733113,72.8496585
22.769384,72.8513969
22.7712386,72.8505861
22.7674194,72.8522973
22.7674194,72.8522973
22.7770833,72.8481381
22.7674194,72.8522973
22.769384,72.8513969
22.769384,72.8513969
22.7674194,72.8522973
22.7674194,72.8522973
22.7770833,72.8481381
22.7791184,72.8472907
22.7811479,72.8464619
22.7770833,72.8481381
22.7712386,72.8505861
22.7733113,72.8496585
22.7712386,72.8505861
22.7655087,72.8531609
22.7655087,72.8531609
22.7655087,72.8531609
22.7655087,72.8531609
22.7655087,72.8531609
22.7637875,72.8539593
22.7637875,72.8539593
22.7637875,72.8539593
22.7637875,72.8539593
22.7637875,72.8539593
22.7619982,72.8547884
22.7619982,72.8547884
22.7619982,72.8547884
22.7619982,72.8547884
22.7600684,72.8556704
22.7600684,72.8556704
22.7600684,72.8556704
22.7600684,72.8556704
22.7600684,72.8556704
22.7582519,72.8565276
22.7582519,72.8565276
22.7582519,72.8565276
22.7582519,72.8565276
22.7582519,72.8565276
22.756312,72.8574047
22.756312,72.8574047
22.756312,72.8574047
22.756312,72.8574047
22.756312,72.8574047
22.7545342,72.8582207
22.7545342,72.8582207
22.7545342,72.8582207
22.7541948,72.8583725
22.7541948,72.8583725
22.7541948,72.8583725
22.7541948,72.8583725
22.7541948,72.8583725
22.7498051,72.860375
22.7498051,72.860375
22.7498051,72.860375
22.7498051,72.860375
22.7498051,72.860375
22.7478913,72.8612091
22.7458535,72.861981
22.7458535,72.861981
22.7458535,72.861981
22.7458535,72.861981
22.7458535,72.861981
22.743855,72.8627484
22.743855,72.8627484
22.743855,72.8627484
22.743855,72.8627484
22.743855,72.8627484
22.7413285,72.8636887
22.7413285,72.8636887
22.7413285,72.8636887
22.7413285,72.8636887
22.7413285,72.8636887
22.7393134,72.8643506
22.7393134,72.8643506
22.7393134,72.8643506
22.7393134,72.8643506
22.7393134,72.8643506
22.7374579,72.8650636
22.7374579,72.8650636
22.7374579,72.8650636
22.7374579,72.8650636
22.7374579,72.8650636
22.7352456,72.8661513
22.7352456,72.8661513
22.7352456,72.8661513
22.7352456,72.8661513
22.7352456,72.8661513
22.6913423,72.8709489
22.6913423,72.8709489
22.6913423,72.8709489
22.6913423,72.8709489
22.6907267,72.8711771
22.6918706,72.8710112
22.6918706,72.8710112
22.6923406,72.8713397
22.6923406,72.8713397
22.6923406,72.8713397
22.6907267,72.8711771
22.6907267,72.8711771
22.6913423,72.8709489
22.6907267,72.8711771
22.6899606,72.8713683
22.6899606,72.8713683
22.6899606,72.8713683
22.6894232,72.8717804
22.6894232,72.8717804
22.6907267,72.8711771
22.6899606,72.8713683
22.6894232,72.8717804
22.6894232,72.8717804
22.6890208,72.872252
22.6899606,72.8713683
22.6885247,72.8728478
22.6885247,72.8728478
22.6885247,72.8728478
22.6890208,72.872252
22.6885247,72.8728478
22.6885247,72.8728478
22.6880513,72.8734377
22.6880513,72.8734377
22.6880513,72.8734377
22.6880513,72.8734377
22.6875251,72.8740269
22.6875251,72.8740269
22.6875251,72.8740269
22.6875251,72.8740269
22.6890208,72.872252
22.6871107,72.8744808
22.6871107,72.8744808
22.6890208,72.872252
22.6871107,72.8744808
22.6871107,72.8744808
22.6871107,72.8744808
22.6880513,72.8734377
22.6875251,72.8740269
22.6868745,72.874711
22.6868745,72.874711
22.6867752,72.8748461
22.6867752,72.8748461
22.6868745,72.874711
22.6867752,72.8748461
22.6868745,72.874711
22.6867919,72.8748813
22.6867752,72.8748461
22.6867919,72.8748813
22.6867919,72.8748813
22.6867919,72.8748813
22.6867919,72.8748813
22.6867798,72.8748844
22.6867798,72.8748844
22.6867798,72.8748844
22.6867741,72.8748745
22.6867741,72.8748745
22.6867741,72.8748745
22.6867741,72.8748745
22.6867798,72.8748844
22.6918706,72.8710112
22.6937633,72.8720826
22.6923406,72.8713397
22.6929152,72.8717293
22.6935609,72.8718121
22.6935609,72.8718121
22.6935609,72.8718121
22.6923406,72.8713397
22.6918706,72.8710112
22.6918706,72.8710112
22.6867778,72.8748534
22.6867778,72.8748534
22.6867778,72.8748534
22.6867778,72.8748534
22.6867778,72.8748534
22.686764,72.8748718
22.686764,72.8748718
22.686764,72.8748718
22.686764,72.8748718
22.686764,72.8748718
22.6867583,72.8748945
22.6867583,72.8748945
22.6867583,72.8748945
22.6867583,72.8748945
22.6867583,72.8748945
22.6867475,72.8748953
22.6867475,72.8748953
22.6867475,72.8748953
22.6867475,72.8748953
22.6867475,72.8748953
22.6867413,72.8749035
22.6867413,72.8749035
22.6867413,72.8749035
22.6867413,72.8749035
22.6867413,72.8749035
22.6866931,72.8749312
22.6866931,72.8749312
22.6866931,72.8749312
22.6866931,72.8749312
22.6866931,72.8749312
22.6866348,72.8749848
22.6866348,72.8749848
22.6866348,72.8749848
22.6866348,72.8749848
22.6866348,72.8749848
22.6865595,72.8750416
22.6865595,72.8750416
22.6865595,72.8750416
22.6865595,72.8750416
22.6865595,72.8750416
22.6864717,72.8750981
22.6864717,72.8750981
22.6864717,72.8750981
22.6864717,72.8750981
22.6864143,72.8751448
22.6864143,72.8751448
22.6864143,72.8751448
22.6864143,72.8751448
22.6864143,72.8751448
22.6863705,72.8751565
22.6863705,72.8751565
22.6863705,72.8751565
22.6863705,72.8751565
22.686345,72.875155
22.686345,72.875155
22.686345,72.875155
22.686345,72.875155
22.686345,72.875155
22.6863022,72.8751358
22.6863022,72.8751358
22.6863022,72.8751358
22.6863022,72.8751358
22.6863022,72.8751358
22.6862879,72.8751152
22.6862879,72.8751152
22.6862879,72.8751152
22.6862879,72.8751152
22.6862879,72.8751152
22.6862959,72.8751105
22.6862959,72.8751105
22.6862959,72.8751105
22.6862959,72.8751105
22.6862959,72.8751105
22.6862909,72.8751022
22.6862909,72.8751022
22.6862909,72.8751022
22.6862909,72.8751022
22.6862909,72.8751022
22.6862741,72.8750921
22.6862741,72.8750921
22.6862741,72.8750921
22.6862741,72.8750921
22.6862741,72.8750921
22.6862856,72.875142
22.6862856,72.875142
22.6862856,72.875142
22.6862856,72.875142
22.6862856,72.875142
22.6862618,72.8751243
22.6862618,72.8751243
22.6862618,72.8751243
22.6862618,72.8751243
22.6862618,72.8751243
22.6862534,72.8751191
22.6862534,72.8751191
22.6862534,72.8751191
22.6862534,72.8751191
22.6862534,72.8751191
22.686342,72.8753192
22.686342,72.8753192
22.686342,72.8753192
22.686342,72.8753192
22.686342,72.8753192
22.6860878,72.8740886
22.6860878,72.8740886
22.6860878,72.8740886
22.6860878,72.8740886
22.6855138,72.8738862
22.6863238,72.8752819
22.6863238,72.8752819
22.6863238,72.8752819
22.6864041,72.8753264
22.6864087,72.8753557
22.6864087,72.8753557
22.6864087,72.8753557
22.6863918,72.8753442
22.6864087,72.8753557
22.6863593,72.8753669
22.6863593,72.8753669
22.6863918,72.8753442
22.6863705,72.875371
22.6863593,72.8753669
22.6864087,72.8753557
22.6863788,72.8753619
22.6863788,72.8753619
22.6863788,72.8753619
22.6863788,72.8753619
22.6863788,72.8753619
22.6864041,72.8753264
22.6864041,72.8753264
22.6864041,72.8753264
22.6864041,72.8753264
22.6864824,72.8753293
22.6864824,72.8753293
22.6864824,72.8753293
22.6864824,72.8753293
22.6864824,72.8753293
22.6863841,72.8753517
22.6863841,72.8753517
22.6863841,72.8753517
22.6863841,72.8753517
22.6863841,72.8753517
22.6863726,72.8753052
22.6863726,72.8753052
22.6863726,72.8753052
22.6863726,72.8753052
22.6863726,72.8753052
22.6863537,72.8753111
22.6863537,72.8753111
22.6863537,72.8753111
22.6863537,72.8753111
22.6863537,72.8753111
22.6863344,72.8752656
22.6863344,72.8752656
22.6863344,72.8752656
22.6863344,72.8752656
22.6863344,72.8752656
22.6862673,72.8751475
22.6862673,72.8751475
22.6862673,72.8751475
22.6862673,72.8751475
22.6862673,72.8751475
22.6862505,72.8751221
22.6862505,72.8751221
22.6862505,72.8751221
22.6862505,72.8751221
22.6862505,72.8751221
22.6862609,72.8751152
22.6862609,72.8751152
22.6862609,72.8751152
22.6862609,72.8751152
22.6862609,72.8751152
22.686271,72.875139
22.686271,72.875139
22.686271,72.875139
22.686271,72.875139
22.686271,72.875139
22.6862621,72.8751479
22.6862621,72.8751479
22.6862621,72.8751479
22.6862621,72.8751479
22.6862621,72.8751479
22.6862776,72.8753202
22.6862776,72.8753202
22.6862888,72.8753067
22.6862888,72.8753067
22.6862776,72.8753202
22.6862888,72.8753067
22.6862776,72.8753202
22.6862888,72.8753067
22.6862776,72.8753202
22.6862888,72.8753067
22.6863371,72.8752372
22.6863371,72.8752372
22.6863371,72.8752372
22.6863371,72.8752372
22.6863371,72.8752372
22.6862807,72.8753072
22.6862807,72.8753072
22.6862807,72.8753072
22.6862807,72.8753072
22.6862807,72.8753072
22.6862806,72.8753315
22.6862806,72.8753315
22.6862806,72.8753315
22.6862632,72.8753112
22.6862632,72.8753112
22.6862632,72.8753112
22.6862632,72.8753112
22.6862632,72.8753112
22.6864006,72.875175
22.6864006,72.875175
22.6864006,72.875175
22.6864006,72.875175
22.6864006,72.875175
22.6864926,72.875163
22.6864926,72.875163
22.6864926,72.875163
22.6864926,72.875163
22.6864926,72.875163
22.6865602,72.8751164
22.6865602,72.8751164
22.6865602,72.8751164
22.6865602,72.8751164
22.6865602,72.8751164
22.6866188,72.8750415
22.6866188,72.8750415
22.6866188,72.8750415
22.6866188,72.8750415
22.6866188,72.8750415
22.6866857,72.8749782
22.6866857,72.8749782
22.6866857,72.8749782
22.6866857,72.8749782
22.6866857,72.8749782
22.6867354,72.8749536
22.6867354,72.8749536
22.6867354,72.8749536
22.6867354,72.8749536
22.6867354,72.8749536
22.6867589,72.8749596
22.6867589,72.8749596
22.6867589,72.8749596
22.6867589,72.8749596
22.6867589,72.8749596
22.6867613,72.8749399
22.6867613,72.8749399
22.6867613,72.8749399
22.6867613,72.8749399
22.6867613,72.8749399
22.6867846,72.8748267
22.6867846,72.8748267
22.6867846,72.8748267
22.6867846,72.8748267
22.6867846,72.8748267
22.6869163,72.8746859
22.6869163,72.8746859
22.6869163,72.8746859
22.6869163,72.8746859
22.6869163,72.8746859
22.6871486,72.8743203
22.6871486,72.8743203
22.6871486,72.8743203
22.6871486,72.8743203
22.6871486,72.8743203
22.6873877,72.8740346
22.6873877,72.8740346
22.6873877,72.8740346
22.6873877,72.8740346
22.6873877,72.8740346
22.6877567,72.8736647
22.6877567,72.8736647
22.6877567,72.8736647
22.6877567,72.8736647
22.6877567,72.8736647
22.6880204,72.8733587
22.6880204,72.8733587
22.6880204,72.8733587
22.6880204,72.8733587
22.6880204,72.8733587
22.6882548,72.8730207
22.6882548,72.8730207
22.6882548,72.8730207
22.6882548,72.8730207
22.6882548,72.8730207
22.6884657,72.8726178
22.6884657,72.8726178
22.6884657,72.8726178
22.6884657,72.8726178
22.6884657,72.8726178
22.6888561,72.8722988
22.6888561,72.8722988
22.6888561,72.8722988
22.6888561,72.8722988
22.6888561,72.8722988
22.689063,72.8720662
22.689063,72.8720662
22.6894653,72.8713354
22.6894653,72.8713354
22.6894653,72.8713354
22.6894653,72.8713354
22.6894653,72.8713354
22.6899602,72.8712584
22.6899602,72.8712584
22.6899602,72.8712584
22.6899527,72.8712522
22.6899527,72.8712522
22.6899602,72.8712584
22.6899602,72.8712584
22.6897408,72.8712758
22.6897408,72.8712758
22.6897408,72.8712758
22.6897408,72.8712758
22.6897408,72.8712758
22.6899453,72.8712363
22.6899453,72.8712363
22.6899453,72.8712363
22.6899453,72.8712363
22.6899453,72.8712363
22.6899939,72.8712755
22.6899939,72.8712755
22.6899939,72.8712755
22.6899939,72.8712755
22.6899939,72.8712755
22.6904877,72.8712213
22.6904877,72.8712213
22.6904877,72.8712213
22.6904877,72.8712213
22.6904877,72.8712213
22.6910375,72.8710443
22.6910375,72.8710443
22.6910375,72.8710443
22.6910375,72.8710443
22.6910375,72.8710443
22.6916151,72.8709121
22.6916151,72.8709121
22.6916151,72.8709121
22.6916151,72.8709121
22.6916151,72.8709121
22.6921032,72.871213
22.6921032,72.871213
22.6921032,72.871213
22.6921032,72.871213
22.6921032,72.871213
22.6926509,72.8716116
22.6926509,72.8716116
22.6926509,72.8716116
22.6926509,72.8716116
22.6926509,72.8716116
22.6931583,72.8718377
22.6931583,72.8718377
22.6931583,72.8718377
22.6931583,72.8718377
22.6931583,72.8718377
22.6935759,72.8717912
22.6935759,72.8717912
22.6935759,72.8717912
22.6935759,72.8717912
22.6935759,72.8717912
22.6938401,72.8722031
22.6938401,72.8722031
22.6938401,72.8722031
22.6938401,72.8722031
22.6938401,72.8722031
22.6939566,72.8727487
22.6939566,72.8727487
22.6939566,72.8727487
22.6939566,72.8727487
22.6939566,72.8727487
22.6940718,72.8732348
22.6940718,72.8732348
22.6940718,72.8732348
22.6940718,72.8732348
22.6940718,72.8732348
22.6942143,72.8738123
22.6942143,72.8738123
22.6942143,72.8738123
22.6942143,72.8738123
22.6942143,72.8738123
22.6944556,72.8744757
22.6944556,72.8744757
22.6944556,72.8744757
22.6944556,72.8744757
22.6944556,72.8744757
22.6946487,72.8748227
22.6946487,72.8748227
22.6946487,72.8748227
22.6946487,72.8748227
22.6946487,72.8748227
22.6945806,72.8750385
22.6945806,72.8750385
22.6945806,72.8750385
22.6945806,72.8750385
22.6945806,72.8750385
22.6945279,72.875192
22.6945279,72.875192
22.6945279,72.875192
22.6945279,72.875192
22.6945279,72.875192
22.6945767,72.8752892
22.6945767,72.8752892
22.6945767,72.8752892
22.6945767,72.8752892
22.6945767,72.8752892
22.694606,72.8752918
22.694606,72.8752918
22.694606,72.8752918
22.694606,72.8752918
22.694606,72.8752918
22.6949958,72.8751289
22.6949958,72.8751289
22.6949958,72.8751289
22.6949958,72.8751289
22.6949958,72.8751289
22.6952364,72.8752396
22.6952364,72.8752396
22.6952364,72.8752396
22.6952364,72.8752396
22.6952364,72.8752396
22.6953863,72.8753802
22.6953863,72.8753802
22.6953863,72.8753802
22.6953863,72.8753802
22.6949064,72.875171
22.6949064,72.875171
22.6949064,72.875171
22.6949064,72.875171
22.6949064,72.875171
22.6948504,72.8752118
22.6955247,72.8755996
22.6955247,72.8755996
22.6955247,72.8755996
22.6955247,72.8755996
22.6955247,72.8755996
22.6955864,72.8758291
22.6955864,72.8758291
22.6955864,72.8758291
22.6955864,72.8758291
22.6955864,72.8758291
22.6956319,72.8760792
22.6956319,72.8760792
22.6956319,72.8760792
22.6956319,72.8760792
22.6956319,72.8760792
22.6957007,72.8764655
22.6957007,72.8764655
22.6957007,72.8764655
22.6957007,72.8764655
22.6957007,72.8764655
22.6957656,72.8767949
22.6957656,72.8767949
22.6957656,72.8767949
22.6957656,72.8767949
22.6957656,72.8767949
22.6958248,72.8771379
22.6958248,72.8771379
22.6958248,72.8771379
22.6958248,72.8771379
22.6958248,72.8771379
22.6959025,72.8775997
22.6959025,72.8775997
22.6959025,72.8775997
22.6959025,72.8775997
22.6959404,72.8779319
22.6959404,72.8779319
22.6959404,72.8779319
22.6959404,72.8779319
22.6959404,72.8779319
22.6959942,72.8782355
22.6959942,72.8782355
22.6959942,72.8782355
22.6959942,72.8782355
22.6959942,72.8782355
22.6960389,72.8786008
22.6960389,72.8786008
22.6960389,72.8786008
22.6960389,72.8786008
22.6960389,72.8786008
22.6962029,72.8796256
22.6962029,72.8796256
22.6962029,72.8796256
22.6962029,72.8796256
22.6962029,72.8796256
22.6963138,72.8803798
22.6963138,72.8803798
22.6963138,72.8803798
22.6963138,72.8803798
22.6963138,72.8803798
22.6963339,72.8805007
22.6963339,72.8805007
22.6963339,72.8805007
22.6963339,72.8805007
22.6963339,72.8805007
22.6963304,72.880485
22.6963304,72.880485
22.6963304,72.880485
22.6963304,72.880485
22.6963304,72.880485
22.6963282,72.8804736
22.6963282,72.8804736
22.6963282,72.8804736
22.6963282,72.8804736
22.6963251,72.8804634
22.6963251,72.8804634
22.6963251,72.8804634
22.6963251,72.8804634
22.6963251,72.8804634
22.6963312,72.8804776
22.6963312,72.8804776
22.6963312,72.8804776
22.6963312,72.8804776
22.6963312,72.8804776
22.6963297,72.8804875
22.6963297,72.8804875
22.6963297,72.8804875
22.6963297,72.8804875
22.6963297,72.8804875
22.6963416,72.8805097
22.6963416,72.8805097
22.6963416,72.8805097
22.6963416,72.8805097
22.6963416,72.8805097
22.6964116,72.880728
22.6964116,72.880728
22.6964116,72.880728
22.6964116,72.880728
22.6964116,72.880728
22.6963767,72.8806609
22.6963767,72.8806609
22.6963659,72.8806409
22.6963659,72.8806409
22.6963738,72.8806538
22.6963738,72.8806538
22.6963738,72.8806538
22.6963738,72.8806538
22.6963738,72.8806538
22.696369,72.8806439
22.696369,72.8806439
22.696369,72.8806439
22.696369,72.8806439
22.696369,72.8806439
22.696374,72.880658
22.696374,72.880658
22.696374,72.880658
22.696374,72.880658
22.696374,72.880658
22.6963926,72.8806893
22.6963926,72.8806893
22.6963926,72.8806893
22.6963926,72.8806893
22.6963926,72.8806893
22.6963983,72.8806996
22.6963983,72.8806996
22.6963901,72.8806861
22.6963901,72.8806861
22.6963901,72.8806861
22.6963901,72.8806861
22.6963901,72.8806861
22.6963584,72.8806706
22.6963584,72.8806706
22.6963584,72.8806706
22.6963584,72.8806706
22.6963584,72.8806706
22.6963676,72.8806685
22.6963676,72.8806685
22.6963676,72.8806685
22.6963676,72.8806685
22.6963676,72.8806685
22.6963853,72.8806678
22.6963853,72.8806678
22.6963853,72.8806678
22.6963853,72.8806678
22.6963853,72.8806678
22.6963925,72.8806857
22.6963925,72.8806857
22.6963925,72.8806857
22.6963925,72.8806857
22.6963925,72.8806857
22.6964026,72.8806844
22.6964026,72.8806844
22.6964026,72.8806844
22.6964026,72.8806844
22.6964026,72.8806844
22.6964138,72.8806858
22.6964138,72.8806858
22.6964138,72.8806858
22.6964138,72.8806858
22.6964138,72.8806858
22.6964162,72.8806967
22.6964162,72.8806967
22.6964162,72.8806967
22.6964162,72.8806967
22.6964162,72.8806967
22.6964141,72.8807138
22.6964141,72.8807138
22.6964141,72.8807138
22.6964141,72.8807138
22.6964141,72.8807138
22.6964184,72.8807237
22.6964184,72.8807237
22.6964184,72.8807237
22.6964184,72.8807237
22.6964184,72.8807237
22.6964179,72.8807387
22.6964179,72.8807387
22.6964179,72.8807387
22.6964179,72.8807387
22.6964179,72.8807387
22.6963712,72.8806448
22.6963712,72.8806448
22.6963712,72.8806448
22.6963712,72.8806448
22.6963712,72.8806448
22.6963635,72.8805674
22.6963635,72.8805674
22.6963635,72.8805674
22.6963635,72.8805674
22.6963635,72.8805674
22.6963199,72.8805165
22.6963199,72.8805165
22.6963199,72.8805165
22.6963199,72.8805165
22.6963199,72.8805165
22.6963274,72.8804254
22.6963274,72.8804254
22.6963274,72.8804254
22.6963274,72.8804254
22.6963274,72.8804254
22.6963236,72.8804156
22.6963236,72.8804156
22.6963236,72.8804156
22.6963236,72.8804156
22.6963236,72.8804156
22.6963161,72.8804394
22.6963161,72.8804394
22.6963161,72.8804394
22.6963161,72.8804394
22.6963161,72.8804394
22.6963087,72.8804753
22.6963087,72.8804753
22.6963087,72.8804753
22.6963087,72.8804753
22.6963087,72.8804753
22.696326,72.8804471
22.696326,72.8804471
22.696326,72.8804471
22.696326,72.8804471
22.696326,72.8804471
22.6963159,72.8804478
22.6963159,72.8804478
22.6963159,72.8804478
22.6963159,72.8804478
22.6963159,72.8804478
22.6963143,72.8804738
22.6963143,72.8804738
22.6963143,72.8804738
22.6963143,72.8804738
22.6963143,72.8804738
22.6963238,72.8804823
22.6963238,72.8804823
22.6963238,72.8804823
22.6963238,72.8804823
22.6963238,72.8804823
22.6964082,72.8812311
22.6964082,72.8812311
22.6964082,72.8812311
22.6964082,72.8812311
22.6964082,72.8812311
22.6965524,72.8821025
22.6965524,72.8821025
22.6965524,72.8821025
22.6965524,72.8821025
22.6966374,72.8829454
22.6966374,72.8829454
22.6966374,72.8829454
22.6966374,72.8829454
22.6966374,72.8829454
22.6968285,72.8840951
22.6968285,72.8840951
22.6968285,72.8840951
22.6968285,72.8840951
22.6968285,72.8840951
22.696962,72.8849529
22.696962,72.8849529
22.696962,72.8849529
22.696962,72.8849529
22.6971056,72.8858272
22.6971056,72.8858272
22.6971056,72.8858272
22.6971056,72.8858272
22.6971056,72.8858272
22.6972437,72.886739
22.6972437,72.886739
22.6972437,72.886739
22.6972437,72.886739
22.6973419,72.8875361
22.6973419,72.8875361
22.6973419,72.8875361
22.6973419,72.8875361
22.6973419,72.8875361
22.6974443,72.8883492
22.6974443,72.8883492
22.6974443,72.8883492
22.6975845,72.8891639
22.6975845,72.8891639
22.6975845,72.8891639
22.6975845,72.8891639
22.6975845,72.8891639
22.6977396,72.8899635
22.6977396,72.8899635
22.6977396,72.8899635
22.6977396,72.8899635
22.6977396,72.8899635
22.6981494,72.8909134
22.6981494,72.8909134
22.6981494,72.8909134
22.6981494,72.8909134
22.6988162,72.8916468
22.6988162,72.8916468
22.6988162,72.8916468
22.6988162,72.8916468
22.6988162,72.8916468
22.6996269,72.8920757
22.6996269,72.8920757
22.6996269,72.8920757
22.6997982,72.8921519
22.6997982,72.8921519
22.6997982,72.8921519
22.6997982,72.8921519
22.7000299,72.8922516
22.7000299,72.8922516
22.7000299,72.8922516
22.7000299,72.8922516
22.7000299,72.8922516
22.7000695,72.8922569
22.7000695,72.8922569
22.7000695,72.8922569
22.7000695,72.8922569
22.7000695,72.8922569
22.726526,72.872894
22.7226836,72.8764744
22.726526,72.872894
22.7280963,72.871444
22.7280963,72.871444
22.7300697,72.8696523
22.7300697,72.8696523
22.7300697,72.8696523
22.726526,72.872894
22.7251668,72.8741545
22.7251668,72.8741545
22.7251668,72.8741545
22.7251668,72.8741545
22.7315241,72.8683376
22.7315241,72.8683376
22.7315241,72.8683376
22.7328828,72.8673366
22.7315241,72.8683376
22.7333278,72.8670296
22.7333278,72.8670296
22.7333278,72.8670296
22.7364418,72.8653727
22.726526,72.872894
22.7333278,72.8670296
22.7385093,72.864558
22.7385093,72.864558
22.726526,72.872894
22.7300697,72.8696523
22.7385093,72.864558
22.7385093,72.864558
22.7385093,72.864558
22.7300697,72.8696523
22.7280963,72.871444
22.8084361,72.8353906
22.8084361,72.8353906
22.8136112,72.8333176
22.8106122,72.8345219
22.8106122,72.8345219
22.8136112,72.8333176
22.8136112,72.8333176
22.8063366,72.8362571
22.8084361,72.8353906
22.8179004,72.8315303
22.8179004,72.8315303
22.8179004,72.8315303
22.8179004,72.8315303
22.8156768,72.8324563
22.8201901,72.8306361
22.8201901,72.8306361
22.8223803,72.8295208
22.8201901,72.8306361
22.8201901,72.8306361
22.8201901,72.8306361
22.8244376,72.8283684
22.8244376,72.8283684
22.8244376,72.8283684
22.8272239,72.8267808
22.8272239,72.8267808
22.8272239,72.8267808
22.8291079,72.8257238
22.8291079,72.8257238
22.830945,72.8246601
22.8106122,72.8345219
22.8106122,72.8345219
22.8136112,72.8333176
22.830945,72.8246601
22.8272239,72.8267808
22.8156768,72.8324563
22.830945,72.8246601
22.8272239,72.8267808
22.8291079,72.8257238
22.8291079,72.8257238
22.830945,72.8246601
22.8327312,72.8236586
22.8327312,72.8236586
22.8327312,72.8236586
22.8327312,72.8236586
22.8106122,72.8345219
22.8345562,72.8226354
22.8345562,72.8226354
22.8345562,72.8226354
22.8345562,72.8226354
22.8327312,72.8236586
22.8364583,72.8215572
22.8364583,72.8215572
22.8378853,72.8207584
23.1073314,72.4008975
23.0622341,72.4486938
23.0622341,72.4486938
23.052519,72.4661054
