23.0261438,72.5255065
23.0256734,72.5254462
23.0256734,72.5254462
23.0256734,72.5254462
23.0256734,72.5254462
23.0256734,72.5254462
23.0259126,72.5255804
23.0259126,72.5255804
23.0259126,72.5255804
23.0259126,72.5255804
23.0259126,72.5255804
23.0260142,72.5256332
23.0260142,72.5256332
23.0260142,72.5256332
23.0260142,72.5256332
23.0260142,72.5256332
23.025956,72.525516
23.025956,72.525516
23.025956,72.525516
23.025956,72.525516
23.025956,72.525516
23.0258336,72.5255347
23.0258336,72.5255347
23.0258336,72.5255347
23.0258336,72.5255347
23.0258336,72.5255347
23.0255814,72.5255235
23.0255814,72.5255235
23.0255814,72.5255235
23.0255814,72.5255235
23.1653597,72.3760625
23.1631568,72.3762426
23.1631541,72.3762029
23.163103,72.376202
23.158994,72.3765209
23.155358,72.3779282
23.155358,72.3779282
23.155358,72.3779282
23.1560703,72.376955
23.1560703,72.376955
23.1560703,72.376955
23.1549451,72.3771151
23.1536031,72.3772974
23.1536031,72.3772974
23.1526036,72.3773689
23.1526036,72.3773689
23.151226,72.3772994
23.151226,72.3772994
23.151226,72.3772994
23.151226,72.3772994
23.1456999,72.3770347
23.1456999,72.3770347
23.1456999,72.3770347
23.1456999,72.3770347
23.1456999,72.3770347
23.1456999,72.3770347
23.1488105,72.3771189
23.1488105,72.3771189
23.1443847,72.3768998
23.1443847,72.3768998
23.1443847,72.3768998
23.1443847,72.3768998
23.1443847,72.3768998
23.1443847,72.3768998
23.1488105,72.3771189
23.1488105,72.3771189
23.1488105,72.3771189
23.1488105,72.3771189
23.13446,72.3748324
23.13446,72.3748324
23.13446,72.3748324
23.13446,72.3748324
23.13446,72.3748324
23.13446,72.3748324
23.1341141,72.3742137
23.1341141,72.3742137
23.1341141,72.3742137
23.1341141,72.3742137
23.1341141,72.3742137
23.1341141,72.3742137
23.1363841,72.3756299
23.1363841,72.3756299
23.1363841,72.3756299
23.1363841,72.3756299
23.1363841,72.3756299
23.1363841,72.3756299
23.1335308,72.3746712
23.1335308,72.3746712
23.1335308,72.3746712
23.1335308,72.3746712
23.1335308,72.3746712
23.1335308,72.3746712
23.1335373,72.3747777
23.1335373,72.3747777
23.1335373,72.3747777
23.1335373,72.3747777
23.1335373,72.3747777
23.1335373,72.3747777
23.1326899,72.3775829
23.1326899,72.3775829
23.1326899,72.3775829
23.1326899,72.3775829
23.1326899,72.3775829
23.1326899,72.3775829
23.1321629,72.3776048
23.1321629,72.3776048
23.1321629,72.3776048
23.1321629,72.3776048
23.1321629,72.3776048
23.1321629,72.3776048
23.1321752,72.3775918
23.1321752,72.3775918
23.1321752,72.3775918
23.1321752,72.3775918
23.1321752,72.3775918
23.1321752,72.3775918
23.1317726,72.3777793
23.1317726,72.3777793
23.1317726,72.3777793
23.1317726,72.3777793
23.1317726,72.3777793
23.1317726,72.3777793
23.1316301,72.3777986
23.1316301,72.3777986
23.1316301,72.3777986
23.1316301,72.3777986
23.1316301,72.3777986
23.1316301,72.3777986
23.1311677,72.3780171
23.1311677,72.3780171
23.1311677,72.3780171
23.1311677,72.3780171
23.1311677,72.3780171
23.1311677,72.3780171
23.1275648,72.379062
23.1275648,72.379062
23.1275648,72.379062
23.1275648,72.379062
23.1275648,72.379062
23.1275648,72.379062
23.1259389,72.3824777
23.1259389,72.3824777
23.1259389,72.3824777
23.1259389,72.3824777
23.1259389,72.3824777
23.1259389,72.3824777
23.1212195,72.3870503
23.1212195,72.3870503
23.1212195,72.3870503
23.1212195,72.3870503
23.1212195,72.3870503
23.1212195,72.3870503
23.1195433,72.3885357
23.1195433,72.3885357
23.1195433,72.3885357
23.1195433,72.3885357
23.1195433,72.3885357
23.1179618,72.3894541
23.1179618,72.3894541
23.1179618,72.3894541
23.1179618,72.3894541
23.1179618,72.3894541
23.1179618,72.3894541
23.1130561,72.3935465
23.1130561,72.3935465
23.1120005,72.3944872
23.0882195,72.4216397
23.0882195,72.4216397
23.0656696,72.4426415
23.0656696,72.4426415
23.0656696,72.4426415
23.0656696,72.4426415
23.0656696,72.4426415
23.0656696,72.4426415
23.0656696,72.4426415
23.0656696,72.4426415
23.0656696,72.4426415
23.0552833,72.4618737
23.0552833,72.4618737
23.0552833,72.4618737
23.0552833,72.4618737
23.0552833,72.4618737
23.0552833,72.4618737
23.0552833,72.4618737
23.0494304,72.4800829
23.0494304,72.4800829
23.0494304,72.4800829
23.0494304,72.4800829
23.0494304,72.4800829
23.0494304,72.4800829
23.0494304,72.4800829
23.0494304,72.4800829
23.0494304,72.4800829
23.0411754,72.4963043
23.0411754,72.4963043
23.0411754,72.4963043
23.0411754,72.4963043
23.0411754,72.4963043
23.0411754,72.4963043
23.0411754,72.4963043
23.0411754,72.4963043
23.0411754,72.4963043
23.0392588,72.5097365
23.0392588,72.5097365
23.0392588,72.5097365
23.0392588,72.5097365
23.0392588,72.5097365
23.0392588,72.5097365
23.0392588,72.5097365
23.0392588,72.5097365
23.0392588,72.5097365
23.0493117,72.5169702
23.0494552,72.5163606
23.050062,72.5175065
23.050062,72.5175065
23.050062,72.5175065
23.050062,72.5175065
23.0499349,72.5179142
23.0499349,72.5179142
23.0499349,72.5179142
23.0499349,72.5179142
23.0499311,72.5178858
23.0499311,72.5178858
23.0499311,72.5178858
23.0499311,72.5178858
23.0497342,72.5193694
23.0497342,72.5193694
23.0497342,72.5193694
23.0497342,72.5193694
23.049766,72.5197908
23.049766,72.5197908
23.049766,72.5197908
23.049766,72.5197908
23.0493886,72.5208582
23.0493886,72.5208582
23.0493886,72.5208582
23.0493886,72.5208582
23.0488563,72.5222077
23.0488563,72.5222077
23.0488563,72.5222077
23.0488563,72.5222077
23.0487129,72.5227428
23.0487129,72.5227428
23.0487129,72.5227428
23.0487129,72.5227428
23.0462502,72.5300303
23.0462502,72.5300303
23.0462502,72.5300303
23.0459708,72.533819
23.0459708,72.533819
23.0459708,72.533819
23.0459708,72.533819
23.0460114,72.5332812
23.0460114,72.5332812
23.0460114,72.5332812
23.0460114,72.5332812
23.0457527,72.5333685
23.0457527,72.5333685
23.0457527,72.5333685
23.0457527,72.5333685
23.0457245,72.5333686
23.0457245,72.5333686
23.0457245,72.5333686
23.0457245,72.5333686
23.0457584,72.5333556
23.0457584,72.5333556
23.0457584,72.5333556
23.0457584,72.5333556
