0.008
0.008
0.008
0.008
0.001
0.01
0.01
0.01
0.01
1.5
1.5
1.5
1.5
5.2
5.2
0.6
0.6
0.6
0.6
0.9
0.9
0.9
0.9
0.001
0.001
0.7
0.7
0.7
0.7
0.8
0.8
0.8
0.8
0.6
0.6
0.8
0.8
0.8
0.8
0.004
0.004
0.004
0.004
0.5
0.5
0.5
0.5
3.1
3.1
3.1
3.1
3.3
3.3
3.3
3.3
1.1
1.1
1.1
1.1
0.1
0.1
0.1
0.1
0.2
0.2
0.2
0.2
0.2
0.2
0.2
0.2
0.007
0.007
0.007
0.007
0.1
0.1
0.1
0.1
0.001
0.001
0.001
0.001
0.002
0.002
0.002
0.002
0.004
0.004
0.004
0.004
0.003
0.003
0.003
0.003
0.003
0.003
0.017
0.017
0.014
0.014
0.014
0.014
0.002
0.002
0.001
0.001
0.003
0.003
0.003
0.003
0.001
0.001
0.001
0.001
0.018
0.018
0.1
0.1
0.002
0.002
0.2
0.2
0.2
0.2
0.1
0.1
0.012
0.012
0.001
0.001
0.001
0.001
0.1
0.1
0.1
0.1
0.1
0.1
0.1
0.1
0.002
0.002
0.002
0.002
0.005
0.005
0.005
0.005
0.1
0.1
0.1
0.1
0.002
0.002
0.002
0.002
0.004
0.004
0.004
0.004
0.1
0.1
0.1
0.1
0.1
0.1
0.1
0.1
0.1
0.1
0.1
0.1
0.2
0.2
0.2
0.2
0.1
0.1
0.1
0.1
0.1
0.1
0.1
0.1
0.001
0.001
0.001
0.001
0.006
0.006
0.006
0.006
0.002
0.002
0.002
0.002
0.1
0.1
0.1
0.1
0.1
0.1
0.1
0.1
0.1
0.1
0.1
0.1
0.1
0.1
0.1
0.1
0.002
0.002
0.002
0.3
0.3
0.3
0.3
