0.5
0.5
0.5
0.5
0.5
0.3
0.3
0.3
0.3
0.3
0.7
0.7
0.7
0.7
0.7
0.011
0.011
0.011
0.011
0.011
0.5
0.5
0.5
0.5
0.5
0.8
0.8
0.8
0.8
27
0.2
0.001
0.006
0.5
0.5
0.5
0.5
0.2
0.2
0.2
0.1
0.2
0.2
0.1
0.1
0.2
0.2
0.2
0.2
0.6
0.6
0.6
0.6
0.6
0.6
0.3
0.3
0.5
0.5
0.5
0.5
0.5
0.5
0.5
0.5
0.5
0.5
1.6
1.6
1.6
1.6
1.6
1.6
0.2
0.2
0.2
0.2
0.2
0.2
0.4
0.4
0.4
0.4
0.4
0.4
0.4
0.4
0.4
0.4
0.4
0.4
0.011
0.011
0.011
0.011
0.011
0.011
0.4
0.4
0.4
0.4
0.4
0.4
0.06
0.06
0.06
0.06
0.06
0.06
0.002
0.002
0.002
0.002
0.002
0.002
0.048
0.048
0.048
0.048
0.048
0.048
0.016
0.016
0.016
0.016
0.016
0.016
0.063
0.063
0.063
0.063
0.063
0.063
0.5
0.5
0.5
0.5
0.5
0.5
0.4
0.4
0.4
0.4
0.4
0.4
0.7
0.7
0.7
0.7
0.7
0.7
0.2
0.2
0.2
0.2
0.2
0.2
0.2
0.2
0.2
0.2
0.2
0.7
0.7
0.2
3.9
3.9
3.4
3.4
3.4
3.4
3.4
3.4
3.4
3.4
3.4
5
5
5
5
5
5
5
2.9
2.9
2.9
2.9
2.9
2.9
2.9
2.9
2.9
3.8
3.8
3.8
3.8
3.8
3.8
3.8
3.8
3.8
2
2
2
2
2
2
2
2
2
3.7
3
2.8
2.8
2.8
2.8
2.5
2.5
2.5
2.5
0.003
0.003
0.003
0.003
0.3
0.3
0.3
0.3
0.3
0.3
0.3
0.3
0.7
0.7
0.7
0.7
0.5
0.5
0.5
0.5
0.6
0.6
0.6
0.6
1.7
1.7
1.7
1.7
1.7
1.7
1.7
0.055
0.055
0.055
0.055
0.3
0.3
0.3
0.3
0.3
0.3
0.3
0.3
0.3
0.3
0.3
0.3
