3.2
3.2
3.2
1.6
1.6
1.6
1.6
1.6
1.6
2.3
2.3
2.3
2.3
2.3
2.3
2.3
2.3
2.3
2.3
2.3
2.3
2.3
2.3
2.3
2.3
2.3
2.3
2.3
2.3
2.3
2.3
2.3
2.3
2.3
2.3
2.3
2.3
2.3
2.3
2.4
2.4
2.4
2.4
2.4
2.4
2.3
2.3
2.3
2.3
2.3
2.3
2.4
2.4
2.4
2.4
2.4
2.4
2.4
2.4
2.4
2.4
2.4
1.8
0.001
1.2
1.2
1.2
1.2
1.2
1.2
1.8
1.1
1.1
1.1
1.1
1.1
1.1
0.4
0.4
0.4
0.4
0.4
0.4
0.4
0.4
0.4
0.4
0.4
0.4
0.3
0.3
0.3
0.3
0.3
0.3
0.6
0.6
0.6
0.6
0.6
0.6
0.6
0.6
0.6
0.6
0.6
1.1
1.1
0.1
0.1
0.4
0.4
0.4
0.4
0.6
0.6
0.6
0.6
0.6
0.6
0.6
0.6
1.2
1.2
1.1
1.1
1.1
1.2
1.2
1.2
1.2
1.2
1.2
1.2
1.2
1.2
0.5
0.5
0.4
0.9
0.9
0.9
0.9
0.9
0.9
0.5
0.5
0.5
0.5
0.5
0.4
0.4
0.4
0.7
0.7
0.7
0.7
0.7
0.7
0.3
0.3
0.3
0.3
0.3
0.3
0.5
0.5
0.5
0.5
0.5
0.6
0.6
0.6
0.6
0.6
0.6
2.3
2.3
2.3
2.3
2.3
2.3
0.7
0.7
0.7
0.7
0.7
0.7
0.7
0.7
0.7
0.7
0.7
0.4
0.4
0.4
0.4
0.4
0.4
0.1
0.1
0.1
0.1
0.1
0.1
0.029
0.001
0.001
0.001
0.001
0.001
0.005
0.005
0.005
0.005
