1
1
1
1
1
1.8
1.8
1.8
1.8
1.8
1.7
1.7
1.7
1.7
1.1
1.1
1.1
1.1
1.1
1.7
1.7
1.7
1.7
1.7
2.9
2.9
2.9
2.9
3.1
3.1
3.1
3.1
3.1
7.4
7.4
7.4
7.4
7.4
6.6
6.6
6.6
6.6
6.6
2.6
2.6
2.6
2.6
2.6
0.7
0.7
0.7
0.7
0.7
6.2
6.2
6.2
6.2
6.2
3.7
3.7
3.7
3.7
3.7
1.4
1.4
1.4
1.4
1.4
6.3
6.3
6.3
6.3
1.3
1.3
1.3
1.3
1.3
0.5
0.5
0.5
0.5
0.5
0.5
0.5
0.5
0.5
0.5
0.008
0.008
0.008
0.008
0.008
0.016
0.016
0.016
0.016
0.016
0.5
0.5
0.5
0.5
0.1
0.1
0.1
0.1
0.1
0.5
0.5
0.5
0.5
0.4
0.4
0.4
0.4
0.4
0.007
0.007
0.007
0.007
0.007
0.001
0.001
0.001
0.001
0.001
0.5
0.5
0.5
0.5
0.5
0.065
0.065
0.065
0.065
0.065
0.056
0.056
0.056
0.056
0.056
0.5
0.5
0.5
0.5
0.5
0.006
0.006
0.006
0.006
0.026
0.026
0.026
0.026
0.5
0.5
0.5
0.5
0.5
0.5
0.5
0.5
0.5
0.5
0.03
