0.01
0.01
0.01
0.01
0.01
0.01
0.01
0.01
0.003
0.003
0.003
0.003
0.003
0.003
0.003
0.002
0.002
0.002
0.002
0.002
0.002
0.002
0.001
0.001
0.001
0.001
0.001
0.001
0.001
0.003
0.003
0.003
0.003
0.003
0.003
0.003
0.002
0.002
0.002
0.002
0.002
0.002
0.002
0.002
0.002
0.002
0.002
0.002
0.002
0.002
0.002
0.002
0.002
0.002
0.002
0.002
0.002
0.001
0.001
0.001
0.001
0.001
0.001
0.001
0.001
0.001
0.001
0.001
0.001
0.001
0.001
0.002
0.002
0.002
0.002
0.002
0.002
0.002
0.001
0.001
0.001
0.001
0.001
0.001
0.001
0.001
0.001
0.001
0.001
0.001
0.001
0.001
0.001
0.001
0.001
0.001
0.001
0.001
0.001
0.001
0.001
0.001
0.001
0.001
0.001
0.001
0.001
0.001
0.001
0.001
0.001
0.001
0.001
0.014
0.014
0.014
0.014
0.014
0.014
0.014
0.013
0.013
0.013
0.013
0.013
0.002
0.002
0.002
0.002
0.002
0.002
0.002
0.002
0.002
0.002
0.002
0.002
0.002
0.002
0.001
0.001
0.001
0.001
0.001
0.001
0.001
0.001
0.001
0.001
0.001
0.001
0.001
0.001
0.001
0.001
0.001
0.001
0.001
0.001
0.001
0.001
0.001
0.001
0.001
0.001
0.001
0.001
0.003
0.003
0.003
0.003
0.003
0.003
0.003
0.006
0.006
0.006
0.006
0.006
0.006
0.006
0.003
0.003
0.003
0.003
0.003
0.003
0.003
0.001
0.001
0.001
0.001
0.001
0.001
0.001
0.009
0.009
0.009
0.009
0.009
0.009
0.009
0.007
0.007
0.007
0.007
0.007
0.007
0.007
0.002
0.002
0.002
0.002
0.002
0.002
0.002
0.012
0.012
0.012
0.002
0.002
0.002
0.002
0.002
0.002
0.002
0.013
0.013
0.013
0.013
0.013
0.013
0.013
0.002
0.002
0.002
0.002
0.002
0.002
0.002
0.016
0.016
0.016
0.016
0.016
0.016
0.016
0.014
0.014
0.014
0.014
0.014
0.014
0.014
0.003
0.003
0.003
0.003
0.003
0.003
0.003
0.003
0.003
0.003
0.003
0.003
0.003
0.003
0.003
0.003
0.003
0.003
0.003
0.003
0.003
0.005
0.005
0.005
0.005
0.005
0.005
0.005
0.026
0.026
0.026
0.026
0.026
0.026
0.026
0.02
0.02
0.02
0.02
0.02
0.02
0.02
0.1
0.009
0.009
0.003
0.003
0.003
0.001
0.001
0.001
0.001
0.003
0.003
0.003
0.003
0.005
0.005
0.005
0.005
0.001
0.001
0.001
0.001
0.024
0.024
0.024
0.024
0.005
0.005
0.005
0.005
0.015
0.015
0.015
0.015
0.011
0.011
0.011
0.011
0.01
0.01
0.01
0.01
0.016
0.016
0.016
0.016
0.007
0.007
0.007
0.007
0.044
0.044
0.044
0.044
0.011
0.011
0.011
0.011
0.007
0.007
0.007
0.007
0.001
0.001
0.001
0.001
0.021
0.021
0.021
0.021
0.045
0.045
0.045
0.045
0.076
0.076
0.076
0.076
0.087
0.087
0.087
0.087
0.085
0.085
0.085
0.085
0.074
0.074
0.074
0.074
0.069
0.069
0.069
0.069
0.078
0.078
0.078
0.078
0.072
0.072
0.072
0.072
0.055
0.055
0.055
0.055
0.067
0.067
0.067
0.067
0.009
0.009
0.009
0.009
0.002
0.002
0.002
0.002
0.002
0.002
0.002
0.002
0.004
0.004
0.004
0.004
0.001
