0.001
0.002
0.002
0.002
0.002
0.006
0.002
0.002
0.002
0.002
0.001
0.002
0.002
0.002
0.002
0.002
0.002
0.001
0.001
0.001
0.001
0.001
0.001
0.001
0.001
0.001
0.003
0.003
0.003
0.003
0.001
0.001
0.001
0.001
0.005
0.005
0.005
0.005
0.001
0.001
0.001
0.001
0.002
0.002
0.002
0.002
0.001
0.001
0.001
0.001
0.001
0.001
0.001
0.001
0.004
0.004
0.004
0.004
36.5
36.5
36.5
36.5
0.2
0.2
0.2
0.2
0.2
0.2
0.2
0.1
0.1
0.1
0.1
0.1
0.1
0.1
0.1
0.1
0.1
0.1
0.1
0.1
0.2
0.2
0.2
0.2
0.2
0.1
0.2
0.2
0.2
0.2
0.2
0.2
0.3
0.4
0.1
0.1
0.1
0.3
0.3
0.4
0.4
0.4
0.4
0.4
0.4
0.1
0.1
0.1
0.1
0.1
0.1
0.1
0.1
0.1
0.1
0.1
0.1
0.1
0.1
0.1
0.1
0.1
0.1
0.1
0.1
0.1
0.1
0.1
0.1
0.1
0.1
0.1
0.1
0.1
0.1
0.1
0.1
0.1
0.1
0.1
0.1
0.09
0.09
0.09
0.09
0.09
0.09
0.086
0.086
0.086
0.086
0.086
0.086
0.088
0.088
0.088
0.088
0.1
0.1
0.1
0.1
0.1
0.1
0.1
0.1
0.1
0.1
0.1
0.1
0.1
0.1
0.1
0.1
0.1
0.1
0.1
0.069
0.069
0.069
0.069
0.069
0.069
0.1
0.1
0.1
0.1
0.1
0.1
0.3
0.3
0.3
0.3
0.3
0.2
0.2
0.2
0.2
0.2
0.1
0.1
0.047
0.1
0.1
0.047
0.07
0.1
0.074
0.074
0.074
0.074
0.074
0.074
0.1
0.1
0.1
0.1
0.1
0.1
0.083
0.083
0.083
0.083
0.083
0.083
0.4
0.4
0.4
0.4
0.4
0.4
0.1
0.1
0.1
0.1
0.1
0.1
0.067
0.067
0.067
0.067
0.067
0.067
0.015
0.015
0.015
0.015
0.015
0.015
0.001
0.001
0.001
0.001
0.001
0.001
0.017
0.017
0.017
0.017
0.017
0.017
0.5
0.5
0.5
0.5
0.9
0.9
0.9
0.9
0.9
0.9
0.9
0.9
0.9
0.9
0.9
0.9
0.005
0.005
0.005
0.005
0.005
0.005
0.9
0.9
0.9
0.9
0.9
0.9
0.008
0.008
0.5
0.5
0.9
0.9
0.9
0.9
0.9
0.9
0.003
0.003
0.003
0.003
0.003
0.003
0.001
0.9
0.9
0.9
0.006
0.006
0.006
0.006
0.006
0.006
0.9
0.9
0.016
0.016
0.016
0.016
0.016
0.016
0.002
0.002
0.5
0.5
0.9
0.9
0.9
0.9
0.9
0.9
0.01
0.01
0.01
0.01
0.01
0.01
0.01
0.01
0.01
0.01
0.01
0.01
0.005
0.005
0.005
0.005
0.005
0.005
0.9
0.9
0.9
0.9
0.9
0.9
0.001
0.001
0.001
0.001
0.001
0.001
0.001
0.001
0.001
0.001
0.001
0.001
0.005
0.005
0.005
0.005
0.005
0.005
0.005
0.005
0.005
0.005
0.005
0.005
0.039
0.039
0.039
0.039
0.039
0.039
0.5
0.5
0.5
0.5
0.9
0.9
0.9
0.9
0.9
0.9
