0.001
0.4
0.4
1.2
0.7
0.7
0.7
0.7
0.7
0.7
0.7
0.8
0.7
0.7
0.7
0.7
0.7
0.7
0.7
0.7
0.7
1.3
0.6
0.6
0.6
0.6
0.6
0.6
0.6
0.6
0.6
0.6
0.2
0.2
0.2
0.2
0.4
0.4
0.4
0.4
0.4
0.4
0.001
0.001
0.001
0.012
0.004
0.014
0.014
0.019
0.031
0.033
0.033
0.017
0.035
0.035
0.027
0.027
0.011
0.02
0.02
0.038
0.038
0.024
0.009
0.023
0.023
0.021
0.011
0.011
0.039
0.039
0.039
0.039
0.039
0.025
0.016
0.016
0.026
0.026
0.026
0.019
0.008
0.008
0.008
0.027
0.027
0.027
0.02
0.024
0.024
0.024
0.009
0.009
0.009
0.001
0.001
0.001
0.001
0.001
0.001
0.001
0.001
0.001
0.001
0.001
0.1
0.1
0.1
0.018
0.018
0.018
0.018
0.018
0.024
0.024
0.024
0.06
0.063
0.063
0.063
0.063
0.013
0.013
0.013
0.013
0.014
0.014
0.014
0.014
