0.4
0.4
0.4
0.4
0.4
0.4
0.4
0.4
0.4
0.4
0.4
0.4
0.4
0.4
0.4
0.9
0.9
0.9
0.9
0.9
0.5
0.5
0.5
0.5
0.5
0.5
0.5
0.5
0.5
0.5
0.5
0.5
0.5
0.5
0.5
0.6
0.6
0.6
0.6
0.6
0.06
0.06
0.06
0.06
0.06
0.069
0.069
0.069
0.069
0.069
0.075
0.075
0.075
0.075
0.075
0.091
0.091
0.091
0.091
0.091
0.084
0.084
0.084
0.084
0.084
0.1
0.1
0.1
0.1
0.1
0.3
0.3
0.3
0.3
0.3
0.075
0.075
0.075
0.075
0.075
0.071
0.071
0.071
0.071
0.071
0.2
0.2
0.2
0.2
0.2
0.6
0.6
0.6
0.6
0.6
0.3
0.3
0.3
0.3
0.3
0.2
0.2
0.2
0.2
0.2
0.7
0.7
0.7
0.7
0.7
0.6
0.6
0.6
0.6
0.6
7.3
7.3
