0.5
0.5
0.5
0.5
0.5
0.5
0.5
0.5
1.9
1.9
1.9
1.9
1.9
1.9
3.2
3.2
3.2
3.2
3.2
3.2
3.2
3.2
2.7
2.7
2.7
2.7
2.7
2.7
2.7
2.7
4.2
4.2
4.2
4.2
4.2
4.2
4.2
4.2
3.5
3.5
3.5
3.5
3.5
3.5
3.5
3.5
4.3
4.3
4.3
4.3
4.3
4.3
4.3
1.9
1.9
1.9
1.9
1.9
1.9
1.9
1.9
3.1
3.1
3.1
3.1
3.1
7.2
7.2
7.2
7.2
7.2
7.2
7.2
7.2
1.3
1.3
1.3
1.3
1.3
1.3
1.3
1.3
2.6
2.6
2.6
2.6
2.6
2.6
2.6
2.6
2.6
2.6
2.6
2.6
2.6
2.6
2.6
5.1
5.1
5.1
5.1
5.1
5.1
5.1
0.3
0.3
0.3
0.3
0.3
0.3
0.3
0.3
1
1
1
1
1
1
1
1
1.4
1.4
1.4
1.4
1.4
1.4
1.4
1.3
1.3
1.3
1.3
1.3
1.3
1.3
1.3
2.1
2.1
2.1
2.1
2.1
2.1
2.1
2.1
0.003
0.003
0.003
0.003
0.003
0.003
0.003
0.003
0.001
0.001
0.001
0.001
0.001
0.001
0.001
0.001
0.001
0.001
