0.001
0.001
0.001
0.001
0.001
0.001
0.001
0.002
0.001
0.001
0.001
0.001
0.001
0.001
0.001
0.001
0.001
0.001
0.001
0.001
0.001
0.001
0.001
0.001
0.001
0.001
0.001
0.001
0.001
0.001
0.001
0.001
0.001
0.001
0.001
0.002
0.002
0.001
0.002
0.002
0.001
0.001
0.001
0.001
0.004
0.004
0.001
0.001
0.001
0.003
0.003
0.001
0.001
0.003
0.003
0.001
0.001
0.001
0.001
0.001
0.001
0.003
0.003
0.001
0.001
0.003
0.003
0.001
0.001
0.001
0.001
0.003
0.003
0.003
0.003
0.003
0.003
0.003
0.003
0.003
0.003
0.003
0.003
0.004
0.001
0.001
0.001
0.002
0.001
0.001
0.001
0.001
0.003
0.003
0.001
0.001
0.001
0.001
0.001
0.001
0.004
0.004
0.001
0.001
0.004
0.004
0.001
0.001
0.001
0.004
0.001
0.001
0.001
0.001
0.004
0.004
0.005
0.001
0.001
0.001
0.001
0.001
0.001
0.001
0.001
0.9
0.001
0.001
0.9
1.6
0.001
0.001
0.001
0.001
0.001
0.001
0.001
0.001
0.001
0.001
0.001
0.001
0.001
0.001
0.001
0.001
0.001
0.001
0.001
0.001
0.001
0.001
0.006
0.006
0.1
0.2
0.2
0.001
0.001
0.001
0.001
0.001
0.001
0.001
0.001
0.001
0.001
0.001
0.4
0.4
0.2
0.7
0.1
0.4
0.4
0.3
0.4
0.3
0.001
0.001
0.8
0.5
0.5
0.001
0.3
0.4
0.4
0.6
0.8
0.8
0.9
0.001
0.001
0.4
0.001
0.005
0.4
0.001
0.001
0.001
0.001
0.001
0.002
0.001
0.003
