0.1
0.03
0.03
0.03
0.03
0.03
0.03
0.001
0.033
0.033
0.033
0.033
0.033
0.033
0.033
1.2
1.2
1.2
0.001
0.001
0.001
0.001
0.001
0.001
0.001
0.001
0.001
0.001
0.001
0.001
0.001
0.001
0.001
0.001
0.001
0.001
0.001
0.001
0.001
0.001
0.1
0.015
0.1
0.001
0.001
0.003
0.005
0.013
0.008
0.008
0.008
0.017
0.034
0.005
0.007
0.016
0.004
0.012
0.002
0.002
0.03
0.009
0.003
0.001
0.002
0.001
0.001
0.001
0.001
0.001
0.001
0.001
0.001
0.001
0.001
0.001
0.002
0.044
0.053
0.053
0.053
0.053
0.053
0.053
0.053
0.053
0.084
0.059
0.063
0.063
0.063
0.063
0.063
0.063
0.063
0.063
0.032
0.084
0.063
0.021
0.1
0.056
0.056
0.017
0.1
0.077
0.1
0.075
0.075
0.075
0.1
0.082
0.1
0.074
0.1
0.071
0.1
0.031
0.041
0.034
0.043
0.013
0.001
0.001
0.001
0.001
0.003
0.001
0.001
0.001
0.001
0.001
0.034
0.017
0.009
0.009
0.003
0.003
0.003
0.015
0.005
0.001
0.003
0.004
0.001
0.004
0.004
0.02
0.02
0.001
0.001
