0.9
0.9
0.9
0.4
0.5
0.4
0.9
0.015
0.015
0.015
0.015
0.015
0.015
0.015
0.9
0.009
0.9
0.5
0.009
0.5
0.9
1.3
0.5
0.011
0.5
0.5
0.9
0.003
0.002
0.5
0.002
0.9
0.002
0.4
0.9
0.9
0.9
1.3
0.9
0.001
0.9
0.003
0.002
0.9
0.003
0.9
0.002
0.003
0.9
0.002
0.9
0.003
0.9
0.01
0.9
0.007
0.4
0.9
0.009
0.9
0.02
0.9
0.5
0.033
0.9
0.5
0.019
0.5
0.006
0.4
0.5
0.4
0.5
0.4
0.002
0.5
0.9
0.4
0.5
0.4
0.5
0.9
0.9
0.4
0.5
0.4
0.5
0.9
0.001
0.9
0.001
0.9
0.001
0.4
0.4
0.5
0.004
0.9
0.004
0.002
0.9
0.9
0.4
0.5
0.9
0.9
0.9
0.4
0.4
0.4
0.4
0.4
0.4
0.4
0.4
0.4
0.014
0.015
0.9
0.015
0.9
0.028
0.028
0.028
0.028
0.028
0.001
0.001
0.001
0.9
0.9
0.9
0.016
0.9
0.9
0.9
0.9
0.9
0.9
0.9
0.9
0.9
0.9
0.9
0.9
0.9
0.01
0.01
0.01
0.01
0.01
0.01
0.01
0.9
0.9
0.9
0.001
0.001
0.001
0.001
0.001
0.001
0.9
0.012
0.9
0.003
0.003
0.001
0.001
0.9
0.9
0.9
0.9
0.9
0.9
0.012
0.012
0.9
0.9
0.001
0.009
0.009
0.009
0.9
0.002
0.002
0.002
0.9
0.01
0.9
0.9
0.9
0.9
0.9
0.9
0.9
0.9
0.9
0.001
0.001
0.001
0.5
0.5
0.5
0.004
0.004
0.004
0.7
0.7
0.7
0.7
0.7
0.7
0.7
0.7
0.024
0.024
0.024
0.024
0.024
0.024
0.024
0.024
0.024
0.024
0.024
0.024
0.024
0.024
0.024
0.024
0.024
0.024
0.024
0.024
0.024
0.024
0.024
0.024
0.024
0.024
0.024
0.7
0.7
0.7
0.7
0.7
0.7
0.7
0.7
0.7
0.7
0.7
0.7
0.7
0.7
0.7
0.7
0.4
0.028
0.001
0.062
41.1
