23.0598731,72.4492132
23.0606025,72.4485601
23.0606025,72.4485601
23.0606025,72.4485601
23.0606025,72.4485601
23.0606025,72.4485601
23.0618948,72.4489625
23.0618948,72.4489625
23.0618948,72.4489625
23.0618948,72.4489625
23.0618948,72.4489625
23.0632528,72.4478807
23.0632528,72.4478807
23.0632528,72.4478807
23.0637073,72.4467786
23.0637073,72.4467786
23.0637073,72.4467786
23.0637073,72.4467786
23.0637073,72.4467786
23.063873,72.4463198
23.0642448,72.445362
23.0642448,72.445362
23.0642448,72.445362
23.0642448,72.445362
23.0642448,72.445362
23.0643612,72.4450573
23.0711253,72.4367252
23.0711253,72.4367252
23.0711253,72.4367252
23.0711253,72.4367252
23.0711253,72.4367252
23.0711253,72.4367252
23.1140517,72.3929367
23.1140517,72.3929367
23.1140517,72.3929367
23.1140517,72.3929367
23.1140517,72.3929367
23.1140517,72.3929367
23.1126967,72.3937063
23.1126967,72.3937063
23.1126967,72.3937063
23.1126967,72.3937063
23.1126967,72.3937063
23.1126967,72.3937063
23.1602213,72.3760633
23.1602213,72.3760633
23.1602213,72.3760633
23.2231656,72.3605258
23.2231656,72.3605258
23.2231656,72.3605258
23.2231656,72.3605258
23.2231656,72.3605258
23.2231656,72.3605258
23.2277406,72.3591206
23.2277406,72.3591206
23.2277406,72.3591206
23.2277406,72.3591206
23.2277406,72.3591206
23.2517313,72.349427
23.2517313,72.349427
23.2517313,72.349427
23.2517313,72.349427
23.2517313,72.349427
23.2518271,72.3493718
23.2518271,72.3493718
23.2518271,72.3493718
23.2518271,72.3493718
23.2518271,72.3493718
23.2518271,72.3493718
23.2574417,72.3477476
23.2574417,72.3477476
23.2574417,72.3477476
23.2574417,72.3477476
23.2574417,72.3477476
23.2574417,72.3477476
23.2588442,72.3472818
23.2588442,72.3472818
23.2588442,72.3472818
23.2588442,72.3472818
23.2588442,72.3472818
23.2588442,72.3472818
23.2617612,72.3468615
23.2617612,72.3468615
23.2617612,72.3468615
23.2617612,72.3468615
23.2617612,72.3468615
23.2617612,72.3468615
23.2656773,72.3468432
23.2656773,72.3468432
23.2656773,72.3468432
23.2656773,72.3468432
23.2656773,72.3468432
23.2656773,72.3468432
23.2693138,72.3461992
23.2693138,72.3461992
23.2693138,72.3461992
23.2693138,72.3461992
23.2693138,72.3461992
23.2693138,72.3461992
23.2704967,72.345877
23.2704967,72.345877
23.2704967,72.345877
23.2704967,72.345877
23.2704967,72.345877
23.2704967,72.345877
23.2703784,72.3426671
23.2703784,72.3426671
23.2703784,72.3426671
23.2703784,72.3426671
23.2703784,72.3426671
23.2703784,72.3426671
23.2698691,72.3388272
23.2698691,72.3388272
23.2698691,72.3388272
23.2698691,72.3388272
23.2698691,72.3388272
23.2698691,72.3388272
23.2692777,72.3344556
23.2692777,72.3344556
23.2692777,72.3344556
23.2692777,72.3344556
23.2692777,72.3344556
23.2692777,72.3344556
23.268933,72.3318765
23.268933,72.3318765
23.268933,72.3318765
23.268933,72.3318765
23.268933,72.3318765
23.268933,72.3318765
23.2680772,72.3254497
23.2680772,72.3254497
23.2680772,72.3254497
23.2680772,72.3254497
23.2680772,72.3254497
23.2680772,72.3254497
23.2677692,72.3232896
23.2677692,72.3232896
23.2677692,72.3232896
23.2677692,72.3232896
23.2677692,72.3232896
23.2677692,72.3232896
23.2673439,72.31936
23.2673439,72.31936
23.2673439,72.31936
23.2673439,72.31936
23.2673439,72.31936
23.2673439,72.31936
23.2681252,72.3154524
23.2681252,72.3154524
23.2681252,72.3154524
23.2681252,72.3154524
23.2681252,72.3154524
23.2681252,72.3154524
23.2695045,72.3129886
23.2695045,72.3129886
23.2695045,72.3129886
23.2695045,72.3129886
23.2695045,72.3129886
23.2695045,72.3129886
23.2716991,72.3104247
23.2716991,72.3104247
23.2716991,72.3104247
23.2716991,72.3104247
23.2716991,72.3104247
23.2716991,72.3104247
23.2768227,72.307127
23.2768227,72.307127
23.2768227,72.307127
23.2768227,72.307127
23.2768227,72.307127
23.277954,72.306445
23.277954,72.306445
23.277954,72.306445
23.277954,72.306445
23.277954,72.306445
23.277954,72.306445
23.28328,72.3033929
23.28328,72.3033929
23.28328,72.3033929
23.28328,72.3033929
23.28328,72.3033929
23.28328,72.3033929
23.2866689,72.3026187
23.2866689,72.3026187
23.2866689,72.3026187
23.2866689,72.3026187
23.2866689,72.3026187
23.2866689,72.3026187
23.2903298,72.301883
23.2903298,72.301883
23.2903298,72.301883
23.2903298,72.301883
23.2903298,72.301883
23.2903298,72.301883
23.2938177,72.3011629
23.2938177,72.3011629
23.2938177,72.3011629
23.2938177,72.3011629
23.2938177,72.3011629
23.2938177,72.3011629
23.2996785,72.3007943
23.2996785,72.3007943
23.2996785,72.3007943
23.2996785,72.3007943
23.2996785,72.3007943
23.2996785,72.3007943
23.2992192,72.2947081
23.2992192,72.2947081
23.2992192,72.2947081
23.2992192,72.2947081
23.2992192,72.2947081
23.2992192,72.2947081
23.299012,72.2918462
23.299012,72.2918462
23.299012,72.2918462
23.299012,72.2918462
23.299012,72.2918462
23.299012,72.2918462
23.2988592,72.2848647
23.2988592,72.2848647
23.300001,72.2823223
23.300001,72.2823223
23.3006745,72.2809739
23.3006745,72.2809739
23.3006745,72.2809739
23.3006745,72.2809739
23.3011086,72.2801102
23.3011086,72.2801102
23.3011086,72.2801102
23.3011086,72.2801102
23.3011086,72.2801102
23.3011086,72.2801102
23.3037225,72.2747231
23.3037225,72.2747231
23.3037225,72.2747231
23.3067428,72.2699003
23.3067428,72.2699003
23.3067428,72.2699003
23.307795,72.2683906
23.307795,72.2683906
23.307795,72.2683906
23.307795,72.2683906
23.307795,72.2683906
23.307795,72.2683906
23.3097962,72.2654233
23.3097962,72.2654233
23.3097962,72.2654233
23.3097962,72.2654233
23.3097962,72.2654233
23.3097962,72.2654233
23.3131597,72.2600225
23.3131597,72.2600225
23.3131597,72.2600225
23.3131597,72.2600225
23.3131597,72.2600225
23.3131597,72.2600225
23.3165631,72.2535176
23.3165631,72.2535176
23.3165631,72.2535176
23.3165631,72.2535176
23.3165631,72.2535176
23.3165631,72.2535176
23.3170163,72.250724
23.3170163,72.250724
23.3170163,72.250724
23.3170163,72.250724
23.3170163,72.250724
23.3170163,72.250724
23.3166226,72.2427082
23.3166226,72.2427082
23.3166226,72.2427082
23.3166226,72.2427082
23.3166226,72.2427082
23.3166226,72.2427082
23.3159579,72.2381754
23.3159579,72.2381754
23.3159579,72.2381754
23.3159579,72.2381754
23.3159579,72.2381754
23.3144619,72.2323774
23.3144619,72.2323774
23.3144619,72.2323774
23.3144619,72.2323774
23.3144619,72.2323774
23.3144619,72.2323774
23.3141916,72.2292467
23.3141916,72.2292467
23.3141916,72.2292467
23.3141916,72.2292467
23.3141916,72.2292467
23.3141916,72.2292467
23.3144359,72.2226048
23.3144359,72.2226048
23.3144359,72.2226048
23.3144359,72.2226048
23.3144359,72.2226048
23.3144359,72.2226048
23.3168043,72.2188672
23.3168043,72.2188672
23.3168043,72.2188672
23.3168043,72.2188672
23.3168043,72.2188672
23.3168043,72.2188672
23.321211,72.2130278
23.321211,72.2130278
23.321211,72.2130278
23.321211,72.2130278
23.321211,72.2130278
23.321211,72.2130278
23.3229602,72.2107128
23.3229602,72.2107128
23.3229602,72.2107128
23.3229602,72.2107128
23.3229602,72.2107128
23.3229602,72.2107128
23.3275612,72.2055274
23.3275612,72.2055274
23.3275612,72.2055274
23.3275612,72.2055274
23.3275612,72.2055274
23.3275612,72.2055274
23.3295828,72.2033051
23.3295828,72.2033051
23.3295828,72.2033051
23.3295828,72.2033051
23.3295828,72.2033051
23.3295828,72.2033051
23.3342773,72.1980383
23.3342773,72.1980383
23.3342773,72.1980383
23.3342773,72.1980383
23.3342773,72.1980383
23.3342773,72.1980383
23.3348816,72.1969295
23.3348816,72.1969295
23.3348816,72.1969295
23.3348816,72.1969295
23.3348816,72.1969295
23.3348816,72.1969295
23.3353348,72.190091
23.3353348,72.190091
23.3353348,72.190091
23.3353348,72.190091
23.3353348,72.190091
23.3353348,72.190091
23.336185,72.1881387
23.336185,72.1881387
23.336185,72.1881387
23.336185,72.1881387
23.336185,72.1881387
23.336185,72.1881387
23.3374957,72.1879305
23.3374957,72.1879305
23.3374957,72.1879305
23.3374957,72.1879305
23.3374957,72.1879305
23.3374957,72.1879305
23.3387601,72.1880234
23.3387601,72.1880234
23.3387601,72.1880234
23.3387601,72.1880234
23.3387601,72.1880234
23.3387601,72.1880234
23.3423302,72.1882811
23.3423302,72.1882811
23.3423302,72.1882811
23.3423302,72.1882811
23.3423302,72.1882811
23.3423302,72.1882811
23.3447698,72.1886383
23.3447698,72.1886383
23.3447698,72.1886383
23.3447698,72.1886383
23.3447698,72.1886383
23.3463226,72.1888605
23.3463226,72.1888605
23.3463226,72.1888605
23.3463226,72.1888605
23.3463226,72.1888605
23.3463226,72.1888605
23.3474214,72.1890678
23.3474214,72.1890678
23.3474214,72.1890678
23.3474214,72.1890678
23.3474214,72.1890678
23.3474214,72.1890678
23.3521457,72.1901039
23.3521457,72.1901039
23.3521457,72.1901039
23.3521457,72.1901039
23.3521457,72.1901039
23.3521457,72.1901039
23.3541596,72.1902932
23.3541596,72.1902932
23.3541596,72.1902932
23.3541596,72.1902932
23.3541596,72.1902932
23.3541596,72.1902932
23.3580088,72.1900549
23.3580088,72.1900549
23.3580088,72.1900549
23.3580088,72.1900549
23.3580088,72.1900549
23.3580088,72.1900549
23.3602045,72.1906107
23.3602045,72.1906107
23.3602045,72.1906107
23.3602045,72.1906107
23.3602045,72.1906107
23.3602045,72.1906107
23.361288,72.1922149
23.361288,72.1922149
23.361288,72.1922149
23.361288,72.1922149
23.361288,72.1922149
23.361288,72.1922149
23.3650803,72.2007258
23.3650803,72.2007258
23.3650803,72.2007258
23.3650803,72.2007258
23.3713874,72.2062227
23.3713874,72.2062227
23.3713874,72.2062227
23.3713874,72.2062227
23.3713874,72.2062227
23.3713874,72.2062227
23.3729049,72.2071234
23.3729049,72.2071234
23.3729049,72.2071234
23.3729049,72.2071234
23.3729049,72.2071234
23.3794922,72.2134007
23.3794922,72.2134007
23.3794922,72.2134007
23.3794922,72.2134007
23.3794922,72.2134007
23.3794922,72.2134007
23.3776149,72.2113472
23.3776149,72.2113472
23.3776149,72.2113472
23.3776149,72.2113472
23.382073,72.2145372
23.382073,72.2145372
23.382073,72.2145372
23.382073,72.2145372
23.382073,72.2145372
23.382073,72.2145372
23.3826427,72.2148925
23.3826427,72.2148925
23.3826427,72.2148925
23.3826427,72.2148925
23.3826427,72.2148925
23.3826427,72.2148925
23.3847225,72.2158548
23.3847225,72.2158548
23.3847225,72.2158548
23.3847225,72.2158548
23.3847225,72.2158548
23.3847225,72.2158548
23.3858724,72.216455
23.3858724,72.216455
23.3858724,72.216455
23.3858724,72.216455
23.3858724,72.216455
23.3858724,72.216455
23.388631,72.2172168
23.388631,72.2172168
23.388631,72.2172168
23.388631,72.2172168
23.388631,72.2172168
23.388631,72.2172168
23.3905628,72.2183782
23.3905628,72.2183782
23.3905628,72.2183782
23.3905628,72.2183782
23.3905628,72.2183782
23.3905628,72.2183782
23.394068,72.2194767
23.394068,72.2194767
23.394068,72.2194767
23.394068,72.2194767
23.394068,72.2194767
23.3985187,72.2217169
23.3985187,72.2217169
23.3985187,72.2217169
23.3985187,72.2217169
23.3985187,72.2217169
23.3985187,72.2217169
23.3991589,72.222305
23.3991589,72.222305
23.3991589,72.222305
23.3991589,72.222305
23.3991589,72.222305
23.3991589,72.222305
23.4041259,72.2204494
23.4041259,72.2204494
23.4041259,72.2204494
23.4041259,72.2204494
23.4041259,72.2204494
23.4041259,72.2204494
23.4068109,72.2195465
23.4068109,72.2195465
23.4068109,72.2195465
23.4068109,72.2195465
23.4068109,72.2195465
23.4068109,72.2195465
23.4101061,72.2183795
23.4101061,72.2183795
23.4101061,72.2183795
23.4101061,72.2183795
23.4101061,72.2183795
23.4101061,72.2183795
23.4115502,72.2178859
23.4115502,72.2178859
23.4115502,72.2178859
23.4115502,72.2178859
23.4115502,72.2178859
23.4115502,72.2178859
23.415358,72.2165411
23.415358,72.2165411
23.415358,72.2165411
23.415358,72.2165411
23.415358,72.2165411
23.41757,72.2157477
23.41757,72.2157477
23.41757,72.2157477
23.41757,72.2157477
23.41757,72.2157477
23.41757,72.2157477
23.4231092,72.2137361
23.4231092,72.2137361
23.4231092,72.2137361
23.4231092,72.2137361
23.4231092,72.2137361
23.4231092,72.2137361
23.4251798,72.212915
23.4251798,72.212915
23.4251798,72.212915
23.4251798,72.212915
23.4251798,72.212915
23.4251798,72.212915
23.427739,72.2114899
23.427739,72.2114899
23.427739,72.2114899
23.427739,72.2114899
23.427739,72.2114899
23.427739,72.2114899
23.4295929,72.2104268
23.4295929,72.2104268
23.4295929,72.2104268
23.4295929,72.2104268
23.4295929,72.2104268
23.4295929,72.2104268
23.4338854,72.2079751
23.4338854,72.2079751
23.4338854,72.2079751
23.4338854,72.2079751
23.4338854,72.2079751
23.4338854,72.2079751
23.4367152,72.2063465
23.4367152,72.2063465
23.4367152,72.2063465
23.4367152,72.2063465
23.4367152,72.2063465
23.4367152,72.2063465
23.4397309,72.2046241
23.4397309,72.2046241
23.4397309,72.2046241
23.4397309,72.2046241
23.4397309,72.2046241
23.4397309,72.2046241
23.4417633,72.2034802
23.4417633,72.2034802
23.4417633,72.2034802
23.4417633,72.2034802
23.4417633,72.2034802
23.4417633,72.2034802
23.4453315,72.2010631
23.4453315,72.2010631
23.4453315,72.2010631
23.4453315,72.2010631
23.4446575,72.1994389
23.4446575,72.1994389
23.4446575,72.1994389
23.4446575,72.1994389
23.4446575,72.1994389
23.4446575,72.1994389
23.4442668,72.1984376
23.4442668,72.1984376
23.4442668,72.1984376
23.4442668,72.1984376
23.4435213,72.1964919
23.4435213,72.1964919
23.4435213,72.1964919
23.4435213,72.1964919
23.4435213,72.1964919
23.4435213,72.1964919
23.4429388,72.1951001
23.4429388,72.1951001
23.4429388,72.1951001
23.4409463,72.1941566
23.4409463,72.1941566
23.4409463,72.1941566
23.4409463,72.1941566
23.4409463,72.1941566
23.4409463,72.1941566
23.4356539,72.1920898
23.4356539,72.1920898
23.4356539,72.1920898
23.4356539,72.1920898
23.4356539,72.1920898
23.434544,72.1915837
23.434544,72.1915837
23.434544,72.1915837
23.434544,72.1915837
23.434544,72.1915837
23.434544,72.1915837
23.4327659,72.1899776
23.4327659,72.1899776
23.4327659,72.1899776
23.4327659,72.1899776
23.4327659,72.1899776
23.4327659,72.1899776
23.4149701,72.1769689
23.4149701,72.1769689
23.4149701,72.1769689
23.4149701,72.1769689
23.4149701,72.1769689
23.4149701,72.1769689
23.410309,72.2026385
23.410309,72.2026385
23.410309,72.2026385
23.4522833,72.2127311
23.4074025,72.2172447
23.4295644,72.1421685
23.4295644,72.1421685
23.4295644,72.1421685
23.4295644,72.1421685
23.4149701,72.1769689
23.4149701,72.1769689
23.4149701,72.1769689
23.4149701,72.1769689
23.4149701,72.1769689
23.4080087,72.2009884
23.4080087,72.2009884
23.4080087,72.2009884
23.4080087,72.2009884
23.4080087,72.2009884
23.4080087,72.2009884
23.4087675,72.1975472
23.4087675,72.1975472
23.4087675,72.1975472
23.4087675,72.1975472
23.4087675,72.1975472
23.4087675,72.1975472
23.4087765,72.1974619
23.4087765,72.1974619
23.4087765,72.1974619
23.4087765,72.1974619
23.4087765,72.1974619
23.4100961,72.1899919
23.4100961,72.1899919
23.4100961,72.1899919
23.4100961,72.1899919
23.4100961,72.1899919
23.4100961,72.1899919
23.410167,72.1851915
23.410167,72.1851915
23.410167,72.1851915
23.410167,72.1851915
23.410167,72.1851915
23.410167,72.1851915
23.4101774,72.1831386
23.4101774,72.1831386
23.4101774,72.1831386
23.4101774,72.1831386
23.4101774,72.1831386
23.4101774,72.1831386
23.4103168,72.1772738
23.4103168,72.1772738
23.4103168,72.1772738
23.4103168,72.1772738
23.4103168,72.1772738
23.4103168,72.1772738
23.4103573,72.1749656
23.4103573,72.1749656
23.4103573,72.1749656
23.4103573,72.1749656
23.4103573,72.1749656
23.4104093,72.1715732
23.4104093,72.1715732
23.4104093,72.1715732
23.4104093,72.1715732
23.4104093,72.1715732
23.4104093,72.1715732
23.410473,72.1702232
23.410473,72.1702232
23.410473,72.1702232
23.410473,72.1702232
23.410473,72.1702232
23.410473,72.1702232
23.4101572,72.1655607
23.4101572,72.1655607
23.4101572,72.1655607
23.4101572,72.1655607
23.4101572,72.1655607
23.4101572,72.1655607
23.4092272,72.1637451
23.4092272,72.1637451
23.4092272,72.1637451
23.4092272,72.1637451
23.4092272,72.1637451
23.4092272,72.1637451
23.4087883,72.1631956
23.4087883,72.1631956
23.4087883,72.1631956
23.4087883,72.1631956
23.4087883,72.1631956
23.4087883,72.1631956
23.4064082,72.1632677
23.4064082,72.1632677
23.4028163,72.1633808
23.4028163,72.1633808
23.4028163,72.1633808
23.4028163,72.1633808
23.4028163,72.1633808
23.4028163,72.1633808
23.4017563,72.1637338
23.4017563,72.1637338
23.4017563,72.1637338
23.4017563,72.1637338
23.4017563,72.1637338
23.4017563,72.1637338
23.3972997,72.1648505
23.3972997,72.1648505
23.3972997,72.1648505
23.3972997,72.1648505
23.3972997,72.1648505
23.3972997,72.1648505
23.3954814,72.1654491
23.3954814,72.1654491
23.3954814,72.1654491
23.3954814,72.1654491
23.3954814,72.1654491
23.3954814,72.1654491
23.3933744,72.1659633
23.3933744,72.1659633
23.3933744,72.1659633
23.3933744,72.1659633
23.3933744,72.1659633
23.390858,72.166743
23.390858,72.166743
23.390858,72.166743
23.390858,72.166743
23.390858,72.166743
23.390858,72.166743
23.3877944,72.1675477
23.3877944,72.1675477
23.3877944,72.1675477
23.3877944,72.1675477
23.3877944,72.1675477
23.3877944,72.1675477
23.3869836,72.1667668
23.3869836,72.1667668
23.3869836,72.1667668
23.3869836,72.1667668
23.3869836,72.1667668
23.3869836,72.1667668
23.3846478,72.1684171
23.3846478,72.1684171
23.3846478,72.1684171
23.3846478,72.1684171
23.3846478,72.1684171
23.3846478,72.1684171
23.3832531,72.1683867
23.3832531,72.1683867
23.3832531,72.1683867
23.3832531,72.1683867
23.3832531,72.1683867
23.3832531,72.1683867
23.3794259,72.1674642
23.3794259,72.1674642
23.3794259,72.1674642
23.3794259,72.1674642
23.3794259,72.1674642
23.3794259,72.1674642
23.3787968,72.16729
23.3787968,72.16729
23.3787968,72.16729
23.3787968,72.16729
23.3787968,72.16729
23.3787968,72.16729
23.3770947,72.1673061
23.3770947,72.1673061
23.3770947,72.1673061
23.3770947,72.1673061
23.3770947,72.1673061
23.3770947,72.1673061
23.374126,72.1687484
23.374126,72.1687484
23.374126,72.1687484
23.374126,72.1687484
23.374126,72.1687484
23.374126,72.1687484
23.372831,72.1684499
23.372831,72.1684499
23.372831,72.1684499
23.372831,72.1684499
23.372831,72.1684499
23.372831,72.1684499
23.3693852,72.1662912
23.3693852,72.1662912
23.3693852,72.1662912
23.3693852,72.1662912
23.3693852,72.1662912
23.3693852,72.1662912
23.3664899,72.1654654
23.3664899,72.1654654
23.3664899,72.1654654
23.3664899,72.1654654
23.3664899,72.1654654
23.3664899,72.1654654
23.3612409,72.1658167
23.3612409,72.1658167
23.3612409,72.1658167
23.3612409,72.1658167
23.3612409,72.1658167
23.3612409,72.1658167
23.3597431,72.1659628
23.3597431,72.1659628
23.3597431,72.1659628
23.3597431,72.1659628
23.3597431,72.1659628
23.3597431,72.1659628
23.3580547,72.1658685
23.3580547,72.1658685
23.3580547,72.1658685
23.3580547,72.1658685
23.3580547,72.1658685
23.3580547,72.1658685
23.3534021,72.1657005
23.3534021,72.1657005
23.3534021,72.1657005
23.3534021,72.1657005
23.3534021,72.1657005
23.3534021,72.1657005
23.3517678,72.1651105
23.3517678,72.1651105
23.3517678,72.1651105
23.3517678,72.1651105
23.3517678,72.1651105
23.3517678,72.1651105
23.3492438,72.1652696
23.3492438,72.1652696
23.3492438,72.1652696
23.3492438,72.1652696
23.3492438,72.1652696
23.3492438,72.1652696
23.3475719,72.1653859
23.3475719,72.1653859
23.3475719,72.1653859
23.3475719,72.1653859
23.3475719,72.1653859
23.3475719,72.1653859
23.3472154,72.1654037
23.3472154,72.1654037
23.3472154,72.1654037
23.3472154,72.1654037
23.3472154,72.1654037
23.3472154,72.1654037
23.3464715,72.1654097
23.3464715,72.1654097
23.3464715,72.1654097
23.3464715,72.1654097
23.3464715,72.1654097
23.3464715,72.1654097
23.344453,72.1674309
23.344453,72.1674309
23.344453,72.1674309
23.344453,72.1674309
23.344453,72.1674309
23.344453,72.1674309
23.3435576,72.1693407
23.3435576,72.1693407
23.3435576,72.1693407
23.3435576,72.1693407
23.3435576,72.1693407
23.3435576,72.1693407
23.3408512,72.1751651
23.3408512,72.1751651
23.3408512,72.1751651
23.3408512,72.1751651
23.3408512,72.1751651
23.3408512,72.1751651
23.3398456,72.1774248
23.3398456,72.1774248
23.3398456,72.1774248
23.3398456,72.1774248
23.3398456,72.1774248
23.3398456,72.1774248
23.3374238,72.1814625
23.3374238,72.1814625
23.3374238,72.1814625
23.3374238,72.1814625
23.3374238,72.1814625
23.3374238,72.1814625
23.337147,72.1816353
23.337147,72.1816353
23.337147,72.1816353
23.337147,72.1816353
23.337147,72.1816353
23.337147,72.1816353
23.3366449,72.1856539
23.3366449,72.1856539
23.3366449,72.1856539
23.3366449,72.1856539
23.3366449,72.1856539
23.3366449,72.1856539
23.3363767,72.1876108
23.3363767,72.1876108
23.3363767,72.1876108
23.3363767,72.1876108
23.3363767,72.1876108
23.3363767,72.1876108
23.3354477,72.1901042
23.3354477,72.1901042
23.3354477,72.1901042
23.3354477,72.1901042
23.3354477,72.1901042
23.3354477,72.1901042
23.3351018,72.1922436
23.3351018,72.1922436
23.3351018,72.1922436
23.3351018,72.1922436
23.3351018,72.1922436
23.3351018,72.1922436
23.3348034,72.19752
23.3348034,72.19752
23.3348034,72.19752
23.3348034,72.19752
23.3348034,72.19752
23.3348034,72.19752
23.3334274,72.199099
23.3334274,72.199099
23.3334274,72.199099
23.3334274,72.199099
23.3334274,72.199099
23.3334274,72.199099
23.3281467,72.2049869
23.3281467,72.2049869
23.3281467,72.2049869
23.3281467,72.2049869
23.3281467,72.2049869
23.3281467,72.2049869
23.3237678,72.2098181
23.3237678,72.2098181
23.3248684,72.2086109
23.3248684,72.2086109
23.3248684,72.2086109
23.3237678,72.2098181
23.3237678,72.2098181
23.3237678,72.2098181
23.3248684,72.2086109
23.3248684,72.2086109
23.3237678,72.2098181
23.3248684,72.2086109
23.3182762,72.2169831
23.3182762,72.2169831
23.3142814,72.2249368
23.3142814,72.2249368
23.3142814,72.2249368
23.3142814,72.2249368
23.3142814,72.2249368
23.3142814,72.2249368
23.3144896,72.2321624
23.3144896,72.2321624
23.3144896,72.2321624
23.3144896,72.2321624
23.3144896,72.2321624
23.3144896,72.2321624
23.3149945,72.2345227
23.3149945,72.2345227
23.3149945,72.2345227
23.3149945,72.2345227
23.3149945,72.2345227
23.3149945,72.2345227
23.3164578,72.240715
23.3164578,72.240715
23.3164578,72.240715
23.3164578,72.240715
23.3164578,72.240715
23.3164578,72.240715
23.3168489,72.2447643
23.3168489,72.2447643
23.3168489,72.2447643
23.3168489,72.2447643
23.3168489,72.2447643
23.3168489,72.2447643
23.3169765,72.2502622
23.3169765,72.2502622
23.3169765,72.2502622
23.3169765,72.2502622
23.3169765,72.2502622
23.3169765,72.2502622
23.3158332,72.2556635
23.3158332,72.2556635
23.3158332,72.2556635
23.3158332,72.2556635
23.3158332,72.2556635
23.3158332,72.2556635
23.3123187,72.2614395
23.3123187,72.2614395
23.3123187,72.2614395
23.3123187,72.2614395
23.3123187,72.2614395
23.3123187,72.2614395
23.3108378,72.2638022
23.3108378,72.2638022
23.3108378,72.2638022
23.3108378,72.2638022
23.3108378,72.2638022
23.3108378,72.2638022
23.306845,72.2697941
23.306845,72.2697941
23.306845,72.2697941
23.306845,72.2697941
23.306845,72.2697941
23.306845,72.2697941
23.3052965,72.2720217
23.3052965,72.2720217
23.3052965,72.2720217
23.3052965,72.2720217
23.3052965,72.2720217
23.3052965,72.2720217
23.3021324,72.2781399
23.3021324,72.2781399
23.3021324,72.2781399
23.3021324,72.2781399
23.3021324,72.2781399
23.3021324,72.2781399
23.3010075,72.2804594
23.3010075,72.2804594
23.3010075,72.2804594
23.3010075,72.2804594
23.3010075,72.2804594
23.3010075,72.2804594
23.2987366,72.2866189
23.2987366,72.2866189
23.2987366,72.2866189
23.2987366,72.2866189
23.2987366,72.2866189
23.2989755,72.2908111
23.2989755,72.2908111
23.2989755,72.2908111
23.2989755,72.2908111
23.2989755,72.2908111
23.2989755,72.2908111
23.2994844,72.297497
23.2994844,72.297497
23.2994844,72.297497
23.2994844,72.297497
23.2994844,72.297497
23.2994844,72.297497
23.2998098,72.300787
23.2998098,72.300787
23.2998098,72.300787
23.2998098,72.300787
23.2998098,72.300787
23.2998098,72.300787
23.2994181,72.3017884
23.2994181,72.3017884
23.2994181,72.3017884
23.2994181,72.3017884
23.2994181,72.3017884
23.2994181,72.3017884
23.298991,72.3016494
23.298991,72.3016494
23.298991,72.3016494
23.298991,72.3016494
23.298991,72.3016494
23.298991,72.3016494
23.2933699,72.3022134
23.2933699,72.3022134
23.2933699,72.3022134
23.2933699,72.3022134
23.2933699,72.3022134
23.2933699,72.3022134
23.2910351,72.3027048
23.2910351,72.3027048
23.2910351,72.3027048
23.2910351,72.3027048
23.2910351,72.3027048
23.2910351,72.3027048
23.2866862,72.3036262
23.2866862,72.3036262
23.2866862,72.3036262
23.2866862,72.3036262
23.2866862,72.3036262
23.2866862,72.3036262
23.2838295,72.3042115
23.2838295,72.3042115
23.2838295,72.3042115
23.2838295,72.3042115
23.2838295,72.3042115
23.2838295,72.3042115
23.278122,72.3074243
23.278122,72.3074243
23.278122,72.3074243
23.278122,72.3074243
23.278122,72.3074243
23.278122,72.3074243
23.2764476,72.3084611
23.2764476,72.3084611
23.2764476,72.3084611
23.2764476,72.3084611
23.2764476,72.3084611
23.2764476,72.3084611
23.270834,72.3126401
23.270834,72.3126401
23.270834,72.3126401
23.270834,72.3126401
23.270834,72.3126401
23.270834,72.3126401
23.2699719,72.314044
23.2699719,72.314044
23.2699719,72.314044
23.2699719,72.314044
23.2699719,72.314044
23.2699719,72.314044
23.2685415,72.3171873
23.2685415,72.3171873
23.2685415,72.3171873
23.2685415,72.3171873
23.2685415,72.3171873
23.2685415,72.3171873
23.2682391,72.3193865
23.2682391,72.3193865
23.2682391,72.3193865
23.2682391,72.3193865
23.2682391,72.3193865
23.2682391,72.3193865
23.2678164,72.3228348
23.2678164,72.3228348
23.2678164,72.3228348
23.2678164,72.3228348
23.2678164,72.3228348
23.2678164,72.3228348
23.2678745,72.3239272
23.2678745,72.3239272
23.2678745,72.3239272
23.2678745,72.3239272
23.2678745,72.3239272
23.2678745,72.3239272
23.2681128,72.3254971
23.2681128,72.3254971
23.2681128,72.3254971
23.2681128,72.3254971
23.2681128,72.3254971
23.2681128,72.3254971
23.2681231,72.3254948
23.2681231,72.3254948
23.2681231,72.3254948
23.2681231,72.3254948
23.2681231,72.3254948
23.2681231,72.3254948
23.2687266,72.3304266
23.2687266,72.3304266
23.2687266,72.3304266
23.2687266,72.3304266
23.2687266,72.3304266
23.2687266,72.3304266
23.2692386,72.3340287
23.2692386,72.3340287
23.2692386,72.3340287
23.2692386,72.3340287
23.2692386,72.3340287
23.2692386,72.3340287
23.2699558,72.3394276
23.2699558,72.3394276
23.2699558,72.3394276
23.2699558,72.3394276
23.2699558,72.3394276
23.2699558,72.3394276
23.2703819,72.3423862
23.2703819,72.3423862
23.2703819,72.3423862
23.2703819,72.3423862
23.2703819,72.3423862
23.2703819,72.3423862
23.2699743,72.3460645
23.2699743,72.3460645
23.2699743,72.3460645
23.2699743,72.3460645
23.2699743,72.3460645
23.2699743,72.3460645
23.2675824,72.3466993
23.2675824,72.3466993
23.2675824,72.3466993
23.2675824,72.3466993
23.2675824,72.3466993
23.2675824,72.3466993
23.0240701,72.5072333
23.0240701,72.5072333
23.0272707,72.507451
23.0241713,72.5068135
23.0241713,72.5068135
23.0241713,72.5068135
