23.2931528,72.3358205
23.2943441,72.336069
23.2943441,72.336069
23.2943441,72.336069
23.2943441,72.336069
23.2943441,72.336069
23.2933799,72.3359259
23.2933799,72.3359259
23.2933799,72.3359259
23.2933799,72.3359259
23.2933799,72.3359259
23.2943356,72.3363118
23.2943356,72.3363118
23.2943356,72.3363118
23.2943356,72.3363118
23.2943356,72.3363118
23.2943096,72.3363081
23.2943096,72.3363081
23.2943096,72.3363081
23.2943096,72.3363081
23.2943096,72.3363081
23.2943017,72.3363173
23.2943017,72.3363173
23.2943017,72.3363173
23.2943017,72.3363173
23.2943017,72.3363173
23.294291,72.3363179
23.294291,72.3363179
23.294291,72.3363179
23.294291,72.3363179
23.2943555,72.3362027
23.2943555,72.3362027
23.2943555,72.3362027
23.2943555,72.3362027
23.2943555,72.3362027
23.2943234,72.3361085
23.2943234,72.3361085
23.2943234,72.3361085
23.2943234,72.3361085
23.2943234,72.3361085
23.2943152,72.3360918
23.2943152,72.3360918
23.2937837,72.3362364
23.2943094,72.3360683
23.2944187,72.3360286
23.2942754,72.3360827
23.2942754,72.3360827
23.2942754,72.3360827
23.2944187,72.3360286
23.2944187,72.3360286
23.2942495,72.3362359
23.2942495,72.3362359
23.2943094,72.3360683
23.2942988,72.3363482
23.2942577,72.3362434
23.2942577,72.3362434
23.2942577,72.3362434
23.2942577,72.3362434
23.2942577,72.3362434
23.2943119,72.3363047
23.2943119,72.3363047
23.2943119,72.3363047
23.2943119,72.3363047
23.2943119,72.3363047
23.2947183,72.3361664
23.2947183,72.3361664
23.2947183,72.3361664
23.2947183,72.3361664
23.2947183,72.3361664
23.2944487,72.3361269
23.2944487,72.3361269
23.2944487,72.3361269
23.2944487,72.3361269
23.2944487,72.3361269
23.2939982,72.3364322
23.2939982,72.3364322
23.2939982,72.3364322
23.2939982,72.3364322
23.2939982,72.3364322
23.2946383,72.3361483
23.2945162,72.3361565
23.2945162,72.3361565
23.2945162,72.3361565
23.2945162,72.3361565
23.2945162,72.3361565
23.2943675,72.3361148
23.2943226,72.3361625
23.2943226,72.3361625
23.2943226,72.3361625
23.2941925,72.3361323
23.2944106,72.3362527
23.2944106,72.3362527
23.2944106,72.3362527
23.2944106,72.3362527
23.2944106,72.3362527
23.2944106,72.3362527
23.2944438,72.3363199
23.2944438,72.3363199
23.2944438,72.3363199
23.2944438,72.3363199
23.2944438,72.3363199
23.2944438,72.3363199
23.29435,72.3363987
23.2943545,72.3363844
23.2943545,72.3363844
23.2943545,72.3363844
23.2943545,72.3363844
23.2943545,72.3363844
23.2943635,72.336374
23.2943635,72.336374
23.2943635,72.336374
23.2943635,72.336374
23.2943635,72.336374
23.2943635,72.336374
23.2943953,72.3363706
23.2943953,72.3363706
23.2943953,72.3363706
23.2943953,72.3363706
23.2943953,72.3363706
23.2943953,72.3363706
23.294655,72.336396
23.294655,72.336396
23.294655,72.336396
23.294655,72.336396
23.294655,72.336396
23.294655,72.336396
23.2947064,72.3362239
23.2947064,72.3362239
23.2947016,72.3362096
23.2991893,72.3388668
23.2991893,72.3388668
23.2991893,72.3388668
23.2991893,72.3388668
23.2991893,72.3388668
23.2991893,72.3388668
23.299197,72.3388739
23.299197,72.3388739
23.299197,72.3388739
23.299197,72.3388739
23.299197,72.3388739
23.299197,72.3388739
23.2991944,72.3388707
23.2991945,72.3388709
23.2991853,72.3388719
23.2991853,72.3388719
23.2991853,72.3388719
23.2991853,72.3388719
23.2991853,72.3388719
23.2991853,72.3388719
23.2991853,72.3388719
23.2991853,72.3388719
23.2992021,72.3388888
23.2992021,72.3388888
23.2992021,72.3388888
23.2992021,72.3388888
23.2992021,72.3388888
23.2992021,72.3388888
23.2992021,72.3388888
23.2992021,72.3388888
23.2992043,72.3388986
23.2992043,72.3388986
23.2992043,72.3388986
23.2992043,72.3388986
23.2992043,72.3388986
23.2992043,72.3388986
23.2992043,72.3388986
23.2992043,72.3388986
23.2985826,72.3400788
23.2985826,72.3400788
23.2985826,72.3400788
23.2985826,72.3400788
23.2983071,72.3407696
23.2983071,72.3407696
23.2983071,72.3407696
23.2983071,72.3407696
23.2988674,72.3394163
23.2988674,72.3394163
23.2988674,72.3394163
23.2988674,72.3394163
23.2985826,72.3400788
23.2985826,72.3400788
23.2980467,72.3414455
23.2980467,72.3414455
23.2980467,72.3414455
23.2980467,72.3414455
23.2980467,72.3414455
23.2980467,72.3414455
23.2980467,72.3414455
23.2980467,72.3414455
23.2978081,72.3421066
23.2978081,72.3421066
23.2978081,72.3421066
23.2978081,72.3421066
23.2978081,72.3421066
23.2978081,72.3421066
23.2978081,72.3421066
23.2978081,72.3421066
23.2975474,72.3427436
23.2975474,72.3427436
23.2975474,72.3427436
23.2975474,72.3427436
23.2975474,72.3427436
23.2975474,72.3427436
23.2975474,72.3427436
23.2975474,72.3427436
23.2972792,72.3434637
23.2972792,72.3434637
23.2972792,72.3434637
23.2972792,72.3434637
23.2972792,72.3434637
23.2972792,72.3434637
23.2972792,72.3434637
23.2972792,72.3434637
23.2969173,72.3442037
23.2969173,72.3442037
23.2969173,72.3442037
23.2969173,72.3442037
23.2969173,72.3442037
23.2969173,72.3442037
23.2969173,72.3442037
23.2969173,72.3442037
23.2965528,72.3450127
23.2965528,72.3450127
23.2965528,72.3450127
23.2965528,72.3450127
23.2965528,72.3450127
23.2965528,72.3450127
23.2965528,72.3450127
23.2965528,72.3450127
23.2962601,72.3456128
23.2962601,72.3456128
23.2962601,72.3456128
23.2962601,72.3456128
23.2962601,72.3456128
23.2962601,72.3456128
23.2962601,72.3456128
23.2962601,72.3456128
23.2958835,72.3463688
23.2958835,72.3463688
23.2958835,72.3463688
23.2958835,72.3463688
23.2958835,72.3463688
23.2958835,72.3463688
23.2958835,72.3463688
23.2958835,72.3463688
23.2956042,72.3469192
23.2956042,72.3469192
23.2956042,72.3469192
23.2956042,72.3469192
23.2956042,72.3469192
23.2956042,72.3469192
23.2956042,72.3469192
23.2956042,72.3469192
23.2955548,72.3470357
23.2955548,72.3470357
23.2955548,72.3470357
23.2955548,72.3470357
23.2955548,72.3470357
23.2955548,72.3470357
23.2955548,72.3470357
23.2955451,72.3470366
23.2955451,72.3470366
23.2955451,72.3470366
23.2955451,72.3470366
23.2955451,72.3470366
23.2955451,72.3470366
23.2955451,72.3470366
23.2955451,72.3470366
23.2954121,72.3472672
23.2954121,72.3472672
23.2954121,72.3472672
23.2954121,72.3472672
23.2954121,72.3472672
23.2954121,72.3472672
23.2954121,72.3472672
23.2954121,72.3472672
23.2951332,72.3478073
23.2951332,72.3478073
23.2951332,72.3478073
23.2951332,72.3478073
23.2951332,72.3478073
23.2951332,72.3478073
23.2951332,72.3478073
23.2951332,72.3478073
23.2947468,72.348544
23.2947468,72.348544
23.2947468,72.348544
23.2947468,72.348544
23.2947468,72.348544
23.2947468,72.348544
23.2947468,72.348544
23.2947468,72.348544
23.2943652,72.349262
23.2943652,72.349262
23.2943652,72.349262
23.2943652,72.349262
23.2943652,72.349262
23.2943652,72.349262
23.2943652,72.349262
23.2943652,72.349262
23.2939554,72.3499991
23.2939554,72.3499991
23.2939554,72.3499991
23.2939554,72.3499991
23.2939554,72.3499991
23.2939554,72.3499991
23.2939554,72.3499991
23.2939554,72.3499991
23.2934877,72.3508589
23.2934877,72.3508589
23.2934877,72.3508589
23.2934877,72.3508589
23.2934877,72.3508589
23.2934877,72.3508589
23.2934877,72.3508589
23.2934877,72.3508589
23.2931121,72.3517461
23.2931121,72.3517461
23.2931121,72.3517461
23.2931121,72.3517461
23.2931121,72.3517461
23.2931121,72.3517461
23.2931121,72.3517461
23.2931121,72.3517461
23.2930786,72.3527091
23.2930786,72.3527091
23.2930786,72.3527091
23.2930786,72.3527091
23.2930786,72.3527091
23.2930786,72.3527091
23.2930786,72.3527091
23.2929035,72.3536122
23.2929035,72.3536122
23.2929035,72.3536122
23.2929035,72.3536122
23.2929035,72.3536122
23.2929035,72.3536122
23.2929035,72.3536122
23.2929035,72.3536122
23.2924533,72.3543514
23.2924533,72.3543514
23.2924533,72.3543514
23.2924533,72.3543514
23.2924533,72.3543514
23.2924533,72.3543514
23.2924533,72.3543514
23.2924533,72.3543514
23.2919871,72.3550344
23.2919871,72.3550344
23.2919871,72.3550344
23.2919871,72.3550344
23.2919871,72.3550344
23.2919871,72.3550344
23.2919871,72.3550344
23.2919871,72.3550344
23.2914573,72.3558235
23.2914573,72.3558235
23.2914573,72.3558235
23.2914573,72.3558235
23.2914573,72.3558235
23.2914573,72.3558235
23.2914573,72.3558235
23.2914573,72.3558235
23.2911067,72.3563185
23.2911067,72.3563185
23.2911067,72.3563185
23.2911067,72.3563185
23.2911067,72.3563185
23.2911067,72.3563185
23.2911067,72.3563185
23.2911067,72.3563185
23.2907267,72.3568866
23.2907267,72.3568866
23.2907267,72.3568866
23.2907267,72.3568866
23.2907267,72.3568866
23.2907267,72.3568866
23.2907267,72.3568866
23.2907267,72.3568866
23.2901066,72.357865
23.2901066,72.357865
23.2901066,72.357865
23.2901066,72.357865
23.2901066,72.357865
23.2895372,72.3589848
23.2895372,72.3589848
23.2895372,72.3589848
23.2895372,72.3589848
23.2895372,72.3589848
23.2895372,72.3589848
23.2895372,72.3589848
23.2895372,72.3589848
23.2887966,72.3599171
23.2887966,72.3599171
23.2887966,72.3599171
23.2887966,72.3599171
23.2887966,72.3599171
23.2887966,72.3599171
23.2887966,72.3599171
23.2887966,72.3599171
23.2879666,72.3607756
23.2879666,72.3607756
23.2879666,72.3607756
23.2879666,72.3607756
23.2879666,72.3607756
23.2879666,72.3607756
23.2879666,72.3607756
23.2879666,72.3607756
23.2874001,72.3616284
23.2874001,72.3616284
23.2874001,72.3616284
23.2869426,72.362605
23.2869426,72.362605
23.2869426,72.362605
23.2866834,72.3635682
23.2866834,72.3635682
23.2866834,72.3635682
23.2866834,72.3635682
23.2864289,72.3646496
23.2864289,72.3646496
23.2864289,72.3646496
23.2864289,72.3646496
23.2864289,72.3646496
23.2864289,72.3646496
23.2864289,72.3646496
23.2864289,72.3646496
23.2861388,72.3658409
23.2861388,72.3658409
23.2861388,72.3658409
23.2861388,72.3658409
23.2858023,72.3670865
23.2858023,72.3670865
23.2858023,72.3670865
23.2858023,72.3670865
23.2858023,72.3670865
23.285608,72.3682303
23.285608,72.3682303
23.285608,72.3682303
23.285608,72.3682303
23.285608,72.3682303
23.2856671,72.3693972
23.2856671,72.3693972
23.2856671,72.3693972
23.2856671,72.3693972
23.2856671,72.3693972
23.2856671,72.3693972
23.2856671,72.3693972
23.2856671,72.3693972
23.2857314,72.3703318
23.2857314,72.3703318
23.2857314,72.3703318
23.2857314,72.3703318
23.2857314,72.3703318
23.2857314,72.3703318
23.2857314,72.3703318
23.2857314,72.3703318
23.2857718,72.3710989
23.2857718,72.3710989
23.2857718,72.3710989
23.2857718,72.3710989
23.2857718,72.3710989
23.2857718,72.3710989
23.2857718,72.3710989
23.2857718,72.3710989
23.2857022,72.3716196
23.2857022,72.3716196
23.2857022,72.3716196
23.2857022,72.3716196
23.2857022,72.3716196
23.2857022,72.3716196
23.2857022,72.3716196
23.2853764,72.3722937
23.2853764,72.3722937
23.2853764,72.3722937
23.2853764,72.3722937
23.2853764,72.3722937
23.2853764,72.3722937
23.2853764,72.3722937
23.2853764,72.3722937
23.2849588,72.3730488
23.2849588,72.3730488
23.2849588,72.3730488
23.2849588,72.3730488
23.2849588,72.3730488
23.2849588,72.3730488
23.2849588,72.3730488
23.2849588,72.3730488
23.2844645,72.3739617
23.2844645,72.3739617
23.2844645,72.3739617
23.2844645,72.3739617
23.2844645,72.3739617
23.2844645,72.3739617
23.2844645,72.3739617
23.2844645,72.3739617
23.2839511,72.3749392
23.2839511,72.3749392
23.2839511,72.3749392
23.2839511,72.3749392
23.2839511,72.3749392
23.2839511,72.3749392
23.2839511,72.3749392
23.2839511,72.3749392
23.2837611,72.3760147
23.2837611,72.3760147
23.2837611,72.3760147
23.2837611,72.3760147
23.2837611,72.3760147
23.2837611,72.3760147
23.2837611,72.3760147
23.2837611,72.3760147
23.2837471,72.3769846
23.2837471,72.3769846
23.2837471,72.3769846
23.2837471,72.3769846
23.2837471,72.3769846
23.2837471,72.3769846
23.2837471,72.3769846
23.2837471,72.3769846
23.2837397,72.3780283
23.2837397,72.3780283
23.2837397,72.3780283
23.2837397,72.3780283
23.2837397,72.3780283
23.2837397,72.3780283
23.2837397,72.3780283
23.2837397,72.3780283
23.2837492,72.3789866
23.2837492,72.3789866
23.2837492,72.3789866
23.2837492,72.3789866
23.2837492,72.3789866
23.2837492,72.3789866
23.2837492,72.3789866
23.2837492,72.3789866
23.2837236,72.37999
23.2837236,72.37999
23.2837236,72.37999
23.2837236,72.37999
23.2837236,72.37999
23.2837236,72.37999
23.2837236,72.37999
23.2837236,72.37999
23.2837234,72.3810827
23.2837234,72.3810827
23.2837234,72.3810827
23.2837234,72.3810827
23.2837234,72.3810827
23.2837234,72.3810827
23.2837234,72.3810827
23.2837234,72.3810827
23.2835975,72.3821641
23.2835975,72.3821641
23.2835975,72.3821641
23.2835975,72.3821641
23.2835975,72.3821641
23.2835975,72.3821641
23.2835975,72.3821641
23.2835975,72.3821641
23.2834069,72.3832844
23.2834069,72.3832844
23.2834069,72.3832844
23.2834069,72.3832844
23.2834069,72.3832844
23.2834069,72.3832844
23.2834069,72.3832844
23.2834069,72.3832844
23.2831377,72.3844169
23.2831377,72.3844169
23.2831377,72.3844169
23.2831377,72.3844169
23.2831377,72.3844169
23.2831377,72.3844169
23.2831377,72.3844169
23.2831377,72.3844169
23.2828583,72.3855545
23.2828583,72.3855545
23.2828583,72.3855545
23.2828583,72.3855545
23.2828583,72.3855545
23.2828583,72.3855545
23.2828583,72.3855545
23.2828583,72.3855545
23.282535,72.3867541
23.282535,72.3867541
23.282535,72.3867541
23.282535,72.3867541
23.282535,72.3867541
23.282535,72.3867541
23.282535,72.3867541
23.282535,72.3867541
23.2822415,72.3878362
23.2822415,72.3878362
23.2822415,72.3878362
23.2822415,72.3878362
23.2822415,72.3878362
23.2822415,72.3878362
23.2822415,72.3878362
23.2822415,72.3878362
23.2819662,72.3890019
23.2819662,72.3890019
23.2819662,72.3890019
23.2819662,72.3890019
23.2819662,72.3890019
23.2819662,72.3890019
23.2819662,72.3890019
23.2819662,72.3890019
23.2817606,72.3899251
23.2817606,72.3899251
23.2817606,72.3899251
23.2817606,72.3899251
23.2817606,72.3899251
23.2817606,72.3899251
23.2817606,72.3899251
23.2817606,72.3899251
23.2815376,72.3910151
23.2815376,72.3910151
23.2815376,72.3910151
23.2815376,72.3910151
23.2815376,72.3910151
23.2815376,72.3910151
23.2815376,72.3910151
23.2815376,72.3910151
23.2812558,72.3922445
23.2812558,72.3922445
23.2812558,72.3922445
23.2812558,72.3922445
23.2812558,72.3922445
23.2812558,72.3922445
23.2812558,72.3922445
23.2812558,72.3922445
23.2810381,72.393592
23.2810381,72.393592
23.2810381,72.393592
23.2810381,72.393592
23.2810381,72.393592
23.2810381,72.393592
23.2810381,72.393592
23.2810381,72.393592
23.2809089,72.3948105
23.2809089,72.3948105
23.2809089,72.3948105
23.2809089,72.3948105
23.2809089,72.3948105
23.2809089,72.3948105
23.2809089,72.3948105
23.2809089,72.3948105
23.2807512,72.3960385
23.2807512,72.3960385
23.2807512,72.3960385
23.2807512,72.3960385
23.2807512,72.3960385
23.2807512,72.3960385
23.2807512,72.3960385
23.2807512,72.3960385
23.2805933,72.3974408
23.2805933,72.3974408
23.2805933,72.3974408
23.2805933,72.3974408
23.2805933,72.3974408
23.2805933,72.3974408
23.2805933,72.3974408
23.2805933,72.3974408
23.280443,72.3986866
23.280443,72.3986866
23.280443,72.3986866
23.280443,72.3986866
23.280443,72.3986866
23.280443,72.3986866
23.280443,72.3986866
23.280443,72.3986866
23.2803454,72.4000743
23.2803454,72.4000743
23.2803454,72.4000743
23.2803454,72.4000743
23.280586,72.4012725
23.280586,72.4012725
23.280586,72.4012725
23.2806327,72.4025842
23.2806327,72.4025842
23.2806327,72.4025842
23.2806657,72.4038816
23.2806657,72.4038816
23.2807117,72.4051608
23.2807443,72.4058591
23.2807463,72.4058857
23.2807651,72.4058883
23.2807463,72.4058857
23.2807561,72.4058855
23.2807651,72.4058883
23.2807702,72.4058802
23.2807561,72.4058855
23.2807463,72.4058857
23.2807659,72.4058895
23.2808596,72.4088278
23.2807651,72.4058883
23.2808596,72.4088278
23.2808596,72.4088278
23.2808084,72.4109799
23.2809004,72.4098845
23.2809004,72.4098845
23.2807651,72.4058883
23.2808084,72.4109799
23.2807702,72.4058802
23.2808084,72.4109799
23.2808084,72.4109799
23.2808084,72.4109799
23.2808084,72.4109799
23.2808084,72.4109799
23.2809004,72.4098845
23.2809004,72.4098845
23.2809004,72.4098845
23.2808596,72.4088278
23.2809004,72.4098845
23.2806375,72.4120703
23.2805007,72.4132548
23.2805274,72.4143771
23.2806081,72.4156836
23.2805274,72.4143771
23.2806081,72.4156836
23.2805274,72.4143771
23.2806375,72.4120703
23.2806375,72.4120703
23.2805274,72.4143771
23.2806081,72.4156836
23.2806375,72.4120703
23.2805274,72.4143771
23.2806835,72.4169138
23.2805274,72.4143771
23.2806835,72.4169138
23.2805274,72.4143771
23.2807812,72.4182511
23.2807812,72.4182511
23.2807812,72.4182511
23.2809694,72.4193628
23.2809694,72.4193628
23.2809694,72.4193628
23.2809694,72.4193628
23.2809694,72.4193628
23.2811836,72.4205222
23.2811836,72.4205222
23.2811836,72.4205222
23.2811836,72.4205222
23.2813793,72.4215791
23.2813793,72.4215791
23.2814008,72.4225165
23.2814008,72.4225165
23.2809536,72.4236047
23.2809536,72.4236047
23.2809536,72.4236047
23.2809536,72.4236047
23.2809536,72.4236047
23.2809536,72.4236047
23.2804696,72.4247995
23.2804696,72.4247995
23.2804696,72.4247995
23.2804696,72.4247995
23.2799456,72.4260433
23.2799456,72.4260433
23.2799456,72.4260433
23.2799456,72.4260433
23.2799456,72.4260433
23.2799456,72.4260433
23.279488,72.4271714
23.279488,72.4271714
23.279488,72.4271714
23.279488,72.4271714
23.279488,72.4271714
23.279488,72.4271714
23.279488,72.4271714
23.279488,72.4271714
23.2790464,72.4285576
23.2790464,72.4285576
23.2790464,72.4285576
23.2786695,72.4300114
23.2786695,72.4300114
23.2786695,72.4300114
23.2786695,72.4300114
23.2786695,72.4300114
23.2786695,72.4300114
23.2786695,72.4300114
23.2786695,72.4300114
23.2783168,72.4314825
23.2783168,72.4314825
23.2783168,72.4314825
23.2781,72.4330088
23.2781,72.4330088
23.2781,72.4330088
23.2781,72.4330088
23.2780542,72.4344281
23.2780542,72.4344281
23.2780542,72.4344281
23.2780542,72.4344281
23.2780542,72.4344281
23.2780529,72.4359121
23.2780529,72.4359121
23.2780529,72.4359121
23.2780529,72.4359121
23.2780529,72.4359121
23.2780529,72.4359121
23.2780529,72.4359121
23.2780529,72.4359121
23.2780496,72.4373334
23.2780496,72.4373334
23.2780496,72.4373334
23.2780496,72.4373334
23.2780496,72.4373334
23.2780496,72.4373334
23.2780496,72.4373334
23.2780496,72.4373334
23.2780557,72.438783
23.2780557,72.438783
23.2780557,72.438783
23.2780557,72.438783
23.2780557,72.438783
23.2780557,72.438783
23.2780557,72.438783
23.2780557,72.438783
23.2780179,72.4401708
23.2780179,72.4401708
23.2780179,72.4401708
23.2780179,72.4401708
23.2780179,72.4401708
23.2779112,72.4408953
23.2779112,72.4408953
23.2779112,72.4408953
23.2779112,72.4408953
23.2779112,72.4408953
23.2779112,72.4408953
23.2779112,72.4408953
23.2778742,72.4412479
23.2778742,72.4412479
23.2778742,72.4412479
23.2778742,72.4412479
23.2778742,72.4412479
23.2778742,72.4412479
23.2778742,72.4412479
23.2778742,72.4412479
23.2779425,72.4416508
23.2779425,72.4416508
23.2779425,72.4416508
23.2779425,72.4416508
23.2779425,72.4416508
23.2779425,72.4416508
23.2779425,72.4416508
23.2779425,72.4416508
23.2780563,72.4417587
23.2780563,72.4417587
23.2780563,72.4417587
23.2780563,72.4417587
23.2780563,72.4417587
23.2780563,72.4417587
23.2780472,72.4419493
23.2780472,72.4419493
23.2780472,72.4419493
23.2780472,72.4419493
23.2780472,72.4419493
23.2780472,72.4419493
23.2780472,72.4419493
23.2780472,72.4419493
23.2779147,72.4420718
23.2779147,72.4420718
23.2779147,72.4420718
23.2779147,72.4420718
23.2779147,72.4420718
23.2779147,72.4420718
23.2779147,72.4420718
23.2779147,72.4420718
23.2778703,72.4421302
23.2778703,72.4421302
23.2778703,72.4421302
23.2778703,72.4421302
23.2778703,72.4421302
23.2778703,72.4421302
23.2778703,72.4421302
23.2778703,72.4421302
23.2778286,72.4421603
23.2778286,72.4421603
23.2778286,72.4421603
23.2778286,72.4421603
23.2778286,72.4421603
23.2778286,72.4421603
23.2778286,72.4421603
23.2778286,72.4421603
23.2778158,72.442163
23.2778158,72.442163
23.2778158,72.442163
23.2778158,72.442163
23.2778158,72.442163
23.2778158,72.442163
23.2778158,72.442163
23.2778158,72.442163
23.2777712,72.4421908
23.2777712,72.4421908
23.2777712,72.4421908
23.2777712,72.4421908
23.2777712,72.4421908
23.2777712,72.4421908
23.2777712,72.4421908
23.2777712,72.4421908
23.2773389,72.442615
23.2773389,72.442615
23.2773389,72.442615
23.2773389,72.442615
23.2773389,72.442615
23.2773389,72.442615
23.2773389,72.442615
23.2773389,72.442615
23.2767005,72.4434793
23.2767005,72.4434793
23.2767005,72.4434793
23.2767005,72.4434793
23.2767005,72.4434793
23.2767005,72.4434793
23.2767005,72.4434793
23.2760944,72.4443396
23.2760944,72.4443396
23.2760944,72.4443396
23.2760944,72.4443396
23.2760944,72.4443396
23.2760944,72.4443396
23.2755544,72.4451471
23.2755544,72.4451471
23.2755544,72.4451471
23.2755544,72.4451471
23.2755544,72.4451471
23.2755544,72.4451471
23.2755544,72.4451471
23.2755544,72.4451471
23.2752037,72.4461526
23.2752037,72.4461526
23.2752037,72.4461526
23.2752037,72.4461526
23.2752037,72.4461526
23.2752037,72.4461526
23.2752037,72.4461526
23.2752037,72.4461526
23.2750107,72.4475334
23.2750107,72.4475334
23.2750107,72.4475334
23.2750107,72.4475334
23.2750107,72.4475334
23.2750107,72.4475334
23.2748192,72.4490629
23.2748192,72.4490629
23.2748192,72.4490629
23.2748192,72.4490629
23.2748192,72.4490629
23.2748192,72.4490629
23.2748192,72.4490629
23.2748192,72.4490629
23.2744106,72.4503878
23.2744106,72.4503878
23.2744106,72.4503878
23.2744106,72.4503878
23.2744106,72.4503878
23.2744106,72.4503878
23.2744106,72.4503878
23.2744106,72.4503878
23.2736442,72.4514583
23.2736442,72.4514583
23.2736442,72.4514583
23.2736442,72.4514583
23.2736442,72.4514583
23.2736442,72.4514583
23.2736442,72.4514583
23.2736442,72.4514583
23.2725662,72.4523657
23.2725662,72.4523657
23.2725662,72.4523657
23.2725662,72.4523657
23.2725662,72.4523657
23.2725662,72.4523657
23.2715494,72.4531959
23.2715494,72.4531959
23.2715494,72.4531959
23.2715494,72.4531959
23.2715494,72.4531959
23.2715494,72.4531959
23.2715494,72.4531959
23.2715494,72.4531959
23.2704737,72.454289
23.2704737,72.454289
23.2704737,72.454289
23.2704737,72.454289
23.2704737,72.454289
23.2704737,72.454289
23.2704737,72.454289
23.2704737,72.454289
23.269612,72.4555466
23.269612,72.4555466
23.269612,72.4555466
23.269612,72.4555466
23.269612,72.4555466
23.269612,72.4555466
23.269612,72.4555466
23.269612,72.4555466
23.2688317,72.4566171
23.2688317,72.4566171
23.2688317,72.4566171
23.2688317,72.4566171
23.2688317,72.4566171
23.2688317,72.4566171
23.2688317,72.4566171
23.2688317,72.4566171
23.2681317,72.4576948
23.2681317,72.4576948
23.2681317,72.4576948
23.2681317,72.4576948
23.2681317,72.4576948
23.2681317,72.4576948
23.2681317,72.4576948
23.2681317,72.4576948
23.2674426,72.4589678
23.2674426,72.4589678
23.2674426,72.4589678
23.2674426,72.4589678
23.2674426,72.4589678
23.2674426,72.4589678
23.2674426,72.4589678
23.2674426,72.4589678
23.2666022,72.460109
23.2666022,72.460109
23.2666022,72.460109
23.2666022,72.460109
23.2666022,72.460109
23.2666022,72.460109
23.2666022,72.460109
23.2666022,72.460109
23.2656956,72.4612118
23.2656956,72.4612118
23.2656956,72.4612118
23.2656956,72.4612118
23.2656956,72.4612118
23.2656956,72.4612118
23.2656956,72.4612118
23.2656956,72.4612118
23.2654599,72.4616553
23.2654599,72.4616553
23.2654599,72.4616553
23.2654599,72.4616553
23.2654599,72.4616553
23.2654599,72.4616553
23.2654599,72.4616553
23.2654599,72.4616553
23.2653948,72.4618038
23.2653948,72.4618038
23.2653948,72.4618038
23.2653948,72.4618038
23.2653948,72.4618038
23.2653948,72.4618038
23.2653948,72.4618038
23.2653948,72.4618038
23.2653312,72.4619687
23.2653312,72.4619687
23.2652632,72.4621462
23.2652632,72.4621462
23.2652632,72.4621462
23.2652632,72.4621462
23.2652632,72.4621462
23.2652632,72.4621462
23.2652632,72.4621462
23.2652632,72.4621462
23.2651986,72.4623366
23.2651986,72.4623366
23.2651986,72.4623366
23.2651986,72.4623366
23.2651986,72.4623366
23.2651986,72.4623366
23.2651986,72.4623366
23.2651986,72.4623366
23.2651336,72.4625252
23.2651336,72.4625252
23.2651336,72.4625252
23.2651336,72.4625252
23.2651336,72.4625252
23.2651336,72.4625252
23.2651336,72.4625252
23.2651336,72.4625252
23.2651186,72.4625852
23.2650504,72.4628227
23.2650504,72.4628227
23.2650504,72.4628227
23.2650504,72.4628227
23.2650504,72.4628227
23.2650504,72.4628227
23.2650504,72.4628227
23.2650504,72.4628227
23.2650102,72.4630328
23.2650102,72.4630328
23.2650102,72.4630328
23.2650102,72.4630328
23.2650102,72.4630328
23.2650102,72.4630328
23.2650102,72.4630328
23.2650102,72.4630328
23.2649709,72.4632098
23.2649709,72.4632098
23.2649709,72.4632098
23.2649709,72.4632098
23.2649709,72.4632098
23.2649709,72.4632098
23.2649709,72.4632098
23.2649709,72.4632098
23.264922,72.4634235
23.264922,72.4634235
23.264922,72.4634235
23.264922,72.4634235
23.264922,72.4634235
23.264922,72.4634235
23.264922,72.4634235
23.264922,72.4634235
23.2648967,72.4635898
23.2648967,72.4635898
23.2648967,72.4635898
23.2648967,72.4635898
23.2648967,72.4635898
23.2648967,72.4635898
23.2648967,72.4635898
23.2648967,72.4635898
23.2648771,72.4636737
23.2648771,72.4636737
23.2648771,72.4636737
23.2648771,72.4636737
23.2648771,72.4636737
23.2648771,72.4636737
23.2648771,72.4636737
23.2648771,72.4636737
23.2648613,72.4637128
23.2648613,72.4637128
23.2648613,72.4637128
23.2648613,72.4637128
23.2648613,72.4637128
23.2648613,72.4637128
23.2648613,72.4637128
23.2648613,72.4637128
23.2648659,72.4637031
23.2648659,72.4637031
23.2648659,72.4637031
23.2648659,72.4637031
23.2648659,72.4637031
23.2648659,72.4637031
23.2648659,72.4637031
23.2648659,72.4637031
23.264843,72.4637067
23.264843,72.4637067
23.264843,72.4637067
23.264843,72.4637067
23.264843,72.4637067
23.264843,72.4637067
23.264843,72.4637067
23.264843,72.4637067
23.2647643,72.4639732
23.2647643,72.4639732
23.2647643,72.4639732
23.2647643,72.4639732
23.2647643,72.4639732
23.2647643,72.4639732
23.2647643,72.4639732
23.2647643,72.4639732
23.2646313,72.4648215
23.2646313,72.4648215
23.264442,72.465625
23.2646313,72.4648215
23.2646313,72.4648215
23.2641328,72.4668386
23.2641328,72.4668386
23.2641328,72.4668386
23.2641328,72.4668386
23.2641328,72.4668386
23.2641328,72.4668386
23.2641328,72.4668386
23.2641328,72.4668386
23.2637241,72.4685422
23.2637241,72.4685422
23.2637241,72.4685422
23.2637241,72.4685422
23.2637241,72.4685422
23.2637241,72.4685422
23.2637241,72.4685422
23.2637241,72.4685422
23.2629329,72.47038
23.2629329,72.47038
23.2629329,72.47038
23.2629329,72.47038
23.2629329,72.47038
23.2629329,72.47038
23.2629329,72.47038
23.2629329,72.47038
23.2616632,72.4717274
23.2616632,72.4717274
23.2616632,72.4717274
23.2616632,72.4717274
23.2616632,72.4717274
23.2616632,72.4717274
23.2616632,72.4717274
23.2616632,72.4717274
23.2604956,72.473571
23.2604956,72.473571
23.2604956,72.473571
23.2604956,72.473571
23.2604956,72.473571
23.2604956,72.473571
23.2604956,72.473571
23.2604956,72.473571
23.259528,72.4755457
23.259528,72.4755457
23.259528,72.4755457
23.259528,72.4755457
23.259528,72.4755457
23.259528,72.4755457
23.259528,72.4755457
23.259528,72.4755457
23.2584546,72.4773548
23.2584546,72.4773548
23.2584546,72.4773548
23.2584546,72.4773548
23.2584546,72.4773548
23.2584546,72.4773548
23.2584546,72.4773548
23.2584546,72.4773548
23.257525,72.4785865
23.257525,72.4785865
23.257525,72.4785865
23.257525,72.4785865
23.257525,72.4785865
23.257525,72.4785865
23.257525,72.4785865
23.257525,72.4785865
23.2569407,72.4793103
23.2569407,72.4793103
23.2569407,72.4793103
23.2569407,72.4793103
23.2569407,72.4793103
23.2569407,72.4793103
23.2569407,72.4793103
23.2569407,72.4793103
23.2565313,72.4798802
23.2565313,72.4798802
23.2565313,72.4798802
23.2565313,72.4798802
23.2565313,72.4798802
23.2565313,72.4798802
23.2565313,72.4798802
23.2565313,72.4798802
23.2564065,72.4800661
23.2564065,72.4800661
23.2564065,72.4800661
23.2564065,72.4800661
23.2564065,72.4800661
23.2564065,72.4800661
23.2564065,72.4800661
23.2564065,72.4800661
23.2563302,72.4801839
23.2563302,72.4801839
23.2563302,72.4801839
23.2563302,72.4801839
23.2563302,72.4801839
23.2563302,72.4801839
23.2563302,72.4801839
23.2562995,72.4802334
23.2562995,72.4802334
23.2562995,72.4802334
23.2562995,72.4802334
23.2562995,72.4802334
23.2562995,72.4802334
23.2562995,72.4802334
23.2562995,72.4802334
23.2561462,72.480525
23.2561462,72.480525
23.2561462,72.480525
23.2557436,72.481102
23.2557436,72.481102
23.2557436,72.481102
23.2557436,72.481102
23.2557436,72.481102
23.2557436,72.481102
23.2557436,72.481102
23.2557436,72.481102
23.2555862,72.4813453
23.2555862,72.4813453
23.2555862,72.4813453
23.2555862,72.4813453
23.2555862,72.4813453
23.2555862,72.4813453
23.2555862,72.4813453
23.2555862,72.4813453
23.2555005,72.4814464
23.2555005,72.4814464
23.2555005,72.4814464
23.2555005,72.4814464
23.2555005,72.4814464
23.2555005,72.4814464
23.2555005,72.4814464
23.2555005,72.4814464
23.2554286,72.4815387
23.2554286,72.4815387
23.2554286,72.4815387
23.2553677,72.4816016
23.2553677,72.4816016
23.2553677,72.4816016
23.2553677,72.4816016
23.2553677,72.4816016
23.2553677,72.4816016
23.2553677,72.4816016
23.2553677,72.4816016
23.2552742,72.481728
23.2552742,72.481728
23.2552742,72.481728
23.2552742,72.481728
23.2552742,72.481728
23.2552742,72.481728
23.2552742,72.481728
23.2552742,72.481728
23.2551748,72.4818657
23.2551748,72.4818657
23.2551748,72.4818657
23.2551748,72.4818657
23.2551748,72.4818657
23.2551748,72.4818657
23.2551748,72.4818657
23.2551748,72.4818657
23.2551584,72.4818843
23.2550936,72.4819714
23.2550936,72.4819714
23.2550936,72.4819714
23.2550936,72.4819714
23.2550936,72.4819714
23.2550936,72.4819714
23.2550456,72.4820273
23.2550456,72.4820273
23.2550456,72.4820273
23.2550456,72.4820273
23.2550456,72.4820273
23.2550456,72.4820273
23.2550456,72.4820273
23.2550456,72.4820273
23.2550391,72.4820454
23.2550391,72.4820454
23.2550391,72.4820454
23.2550391,72.4820454
23.2550391,72.4820454
23.2550391,72.4820454
23.2550391,72.4820454
23.2550391,72.4820454
23.2550309,72.4820526
23.2550309,72.4820526
23.2550309,72.4820526
23.2550309,72.4820526
23.2550309,72.4820526
23.2550309,72.4820526
23.2550309,72.4820526
23.255004,72.482105
23.2549829,72.4821451
23.2549829,72.4821451
23.254968,72.4821727
23.254968,72.4821727
23.2549393,72.4822118
23.2549214,72.4822248
23.254867,72.4822978
23.2549214,72.4822248
23.254867,72.4822978
23.254833,72.4823388
23.254833,72.4823388
23.2549393,72.4822118
23.254833,72.4823388
23.2547857,72.4824008
23.2547857,72.4824008
23.2547857,72.4824008
23.2547857,72.4824008
23.2547857,72.4824008
23.2547857,72.4824008
23.2547857,72.4824008
23.2547857,72.4824008
23.2547563,72.4824415
23.254867,72.4822978
23.254867,72.4822978
23.2547563,72.4824415
23.2547563,72.4824415
23.254867,72.4822978
23.2547504,72.482455
23.2547504,72.482455
23.2547504,72.482455
23.2546783,72.4825458
23.2546783,72.4825458
23.2546783,72.4825458
23.2546783,72.4825458
23.2546783,72.4825458
23.2546783,72.4825458
23.2546783,72.4825458
23.2546783,72.4825458
23.2545848,72.4826569
23.2545848,72.4826569
23.2545848,72.4826569
23.2545848,72.4826569
23.2545848,72.4826569
23.2545848,72.4826569
23.2545848,72.4826569
23.2545848,72.4826569
23.2545287,72.4827273
23.2545287,72.4827273
23.2545287,72.4827273
23.2545002,72.4827599
23.2545002,72.4827599
23.2545002,72.4827599
23.2545002,72.4827599
23.2545002,72.4827599
23.2545002,72.4827599
23.2545002,72.4827599
23.2545002,72.4827599
23.254396,72.4829021
23.254396,72.4829021
23.254396,72.4829021
23.254396,72.4829021
23.254396,72.4829021
23.254396,72.4829021
23.254396,72.4829021
23.254396,72.4829021
23.2543375,72.4829755
23.2543375,72.4829755
23.2543235,72.4830025
23.2543235,72.4830025
23.2543235,72.4830025
23.2543101,72.4830127
23.2543101,72.4830127
23.2543101,72.4830127
23.2543101,72.4830127
23.2543101,72.4830127
23.2543101,72.4830127
23.2543101,72.4830127
23.2542815,72.4830464
23.2542815,72.4830464
23.2542815,72.4830464
23.2542815,72.4830464
23.2542815,72.4830464
23.2542815,72.4830464
23.2542815,72.4830464
23.2542815,72.4830464
23.2542555,72.4830777
23.2542322,72.4831115
23.2542322,72.4831115
23.2542322,72.4831115
23.2542322,72.4831115
23.2542322,72.4831115
23.2542322,72.4831115
23.2542322,72.4831115
23.2542322,72.4831115
23.2541969,72.4831561
23.254172,72.4831881
23.2541463,72.483224
23.2541031,72.4832795
23.2541969,72.4831561
23.2541031,72.4832795
23.254055,72.4833564
23.254055,72.4833564
23.2539784,72.4834436
23.2539784,72.4834436
23.2539784,72.4834436
23.2539784,72.4834436
23.2539784,72.4834436
23.2539784,72.4834436
23.2539784,72.4834436
23.2539784,72.4834436
23.2539695,72.4834572
23.2539488,72.4834783
23.2539488,72.4834783
23.2539488,72.4834783
23.2539493,72.4834915
23.2539493,72.4834915
23.2539493,72.4834915
23.2539262,72.4835279
23.2539262,72.4835279
23.2538542,72.4836343
23.2538542,72.4836343
23.2536693,72.4838901
23.2536693,72.4838901
23.2536693,72.4838901
23.2533769,72.4842476
23.2533769,72.4842476
23.2533769,72.4842476
23.2533769,72.4842476
23.2533769,72.4842476
23.2533769,72.4842476
23.2533769,72.4842476
23.2533769,72.4842476
23.2529133,72.4846605
23.2529133,72.4846605
23.2529133,72.4846605
23.2529133,72.4846605
23.2529133,72.4846605
23.2529133,72.4846605
23.2529133,72.4846605
23.2529133,72.4846605
23.2523266,72.4850183
23.2517515,72.4852506
23.2509675,72.4853491
23.2499386,72.4855337
23.2499386,72.4855337
23.2499386,72.4855337
23.2485732,72.4857747
23.2485732,72.4857747
23.2485732,72.4857747
23.2471658,72.4860041
23.2471658,72.4860041
23.2471658,72.4860041
23.2471658,72.4860041
23.2455182,72.4863078
23.2455182,72.4863078
23.2439259,72.4865943
23.2439259,72.4865943
23.2439259,72.4865943
23.2439259,72.4865943
23.2439259,72.4865943
23.2439259,72.4865943
23.2439259,72.4865943
23.2439259,72.4865943
23.2424025,72.4871211
23.2424025,72.4871211
23.2424025,72.4871211
23.2424025,72.4871211
23.2424025,72.4871211
23.2412634,72.4881441
23.2412634,72.4881441
23.2403453,72.4894689
23.2403453,72.4894689
23.2403453,72.4894689
23.2403453,72.4894689
23.2403453,72.4894689
23.2403453,72.4894689
23.2403453,72.4894689
23.2403453,72.4894689
23.2395326,72.4907217
23.2395326,72.4907217
23.2391692,72.4913098
23.2391692,72.4913098
23.2391692,72.4913098
23.2391692,72.4913098
23.2391692,72.4913098
23.2391436,72.4913531
23.2391436,72.4913531
23.2391436,72.4913531
23.2391436,72.4913531
23.2391436,72.4913531
23.2391436,72.4913531
23.2391436,72.4913531
23.2391436,72.4913531
23.2391353,72.4913604
23.2389578,72.491575
23.2389578,72.491575
23.2389578,72.491575
23.2389578,72.491575
23.2389578,72.491575
23.2389578,72.491575
23.2389578,72.491575
23.2389578,72.491575
23.2383436,72.4924971
23.2383436,72.4924971
23.2383436,72.4924971
23.2375937,72.4936435
23.2375937,72.4936435
23.2375937,72.4936435
23.2375937,72.4936435
23.2375937,72.4936435
23.2375937,72.4936435
23.2375937,72.4936435
23.2375937,72.4936435
23.2366705,72.495084
23.2366705,72.495084
23.2366705,72.495084
23.2366705,72.495084
23.2366705,72.495084
23.2366705,72.495084
23.2366705,72.495084
23.2358959,72.496742
23.2358959,72.496742
23.2358959,72.496742
23.2358959,72.496742
23.2358959,72.496742
23.2358959,72.496742
23.2358959,72.496742
23.2358959,72.496742
23.2352524,72.4985644
23.2352524,72.4985644
23.2352524,72.4985644
23.2352524,72.4985644
23.2352524,72.4985644
23.2352524,72.4985644
23.2352524,72.4985644
23.2352524,72.4985644
23.2345095,72.500377
23.2345095,72.500377
23.2345095,72.500377
23.2339164,72.5018573
23.2339164,72.5018573
23.2333463,72.5031815
23.2333463,72.5031815
23.2333463,72.5031815
23.2333463,72.5031815
23.2333463,72.5031815
23.2333463,72.5031815
23.2333463,72.5031815
23.2333463,72.5031815
23.232327,72.5043131
23.232327,72.5043131
23.232327,72.5043131
23.232327,72.5043131
23.232327,72.5043131
23.232327,72.5043131
23.2309789,72.5050422
23.2309789,72.5050422
23.2309789,72.5050422
23.2309789,72.5050422
23.2309789,72.5050422
23.2309789,72.5050422
23.2309789,72.5050422
23.2309789,72.5050422
23.229482,72.5057638
23.229482,72.5057638
23.229482,72.5057638
23.229482,72.5057638
23.229482,72.5057638
23.229482,72.5057638
23.229482,72.5057638
23.229482,72.5057638
23.2279399,72.5064559
23.2279399,72.5064559
23.2279399,72.5064559
23.2279399,72.5064559
23.2279399,72.5064559
23.2279399,72.5064559
23.2279399,72.5064559
23.2279399,72.5064559
23.2264076,72.5071437
23.2264076,72.5071437
23.2264076,72.5071437
23.2264076,72.5071437
23.2264076,72.5071437
23.2264076,72.5071437
23.2264076,72.5071437
23.2264076,72.5071437
23.225138,72.5081924
23.225138,72.5081924
23.225138,72.5081924
23.225138,72.5081924
23.225138,72.5081924
23.225138,72.5081924
23.225138,72.5081924
23.225138,72.5081924
23.2243628,72.509217
23.2243628,72.509217
23.2243628,72.509217
23.2243628,72.509217
23.2243628,72.509217
23.2243628,72.509217
23.2243628,72.509217
23.2243628,72.509217
23.2242053,72.5094104
23.2242053,72.5094104
23.2242053,72.5094104
23.2242053,72.5094104
23.2242053,72.5094104
23.2242053,72.5094104
23.2242053,72.5094104
23.2237537,72.5099269
23.2237537,72.5099269
23.2237537,72.5099269
23.2237537,72.5099269
23.2237537,72.5099269
23.2237537,72.5099269
23.2237537,72.5099269
23.2237537,72.5099269
23.2229542,72.5107343
23.2229542,72.5107343
23.2229542,72.5107343
23.2229542,72.5107343
23.2229542,72.5107343
23.2229542,72.5107343
23.2229542,72.5107343
23.2229542,72.5107343
23.2218325,72.5119111
23.2218325,72.5119111
23.2218325,72.5119111
23.2218325,72.5119111
23.2218325,72.5119111
23.2218325,72.5119111
23.2218325,72.5119111
23.2218325,72.5119111
23.2207307,72.5131127
23.2207307,72.5131127
23.2207307,72.5131127
23.2207307,72.5131127
23.2207307,72.5131127
23.2207307,72.5131127
23.2207307,72.5131127
23.2207307,72.5131127
23.2193877,72.5142149
23.2193877,72.5142149
23.2193877,72.5142149
23.2193877,72.5142149
23.2193877,72.5142149
23.2193877,72.5142149
23.2193877,72.5142149
23.2193877,72.5142149
23.2180651,72.5152187
23.2180651,72.5152187
23.2180651,72.5152187
23.2180651,72.5152187
23.2180651,72.5152187
23.2180651,72.5152187
23.2180651,72.5152187
23.2180651,72.5152187
23.2174867,72.5163989
23.2174867,72.5163989
23.2174867,72.5163989
23.2174867,72.5163989
23.2174867,72.5163989
23.2174867,72.5163989
23.2169696,72.5179295
23.2169696,72.5179295
23.2169696,72.5179295
23.2169696,72.5179295
23.2169696,72.5179295
23.2169696,72.5179295
23.2169696,72.5179295
23.2169696,72.5179295
23.2162529,72.5191914
23.2162529,72.5191914
23.2162529,72.5191914
23.2162529,72.5191914
23.2154496,72.5205205
23.2154496,72.5205205
23.2154496,72.5205205
23.2154496,72.5205205
23.2154496,72.5205205
23.2154496,72.5205205
23.2154496,72.5205205
23.2154496,72.5205205
23.2147967,72.5216886
23.2147967,72.5216886
23.2147967,72.5216886
23.2147967,72.5216886
23.2147967,72.5216886
23.2147967,72.5216886
23.2147967,72.5216886
23.2147967,72.5216886
23.2141269,72.5229151
23.2141269,72.5229151
23.2141269,72.5229151
23.2141269,72.5229151
23.2141269,72.5229151
23.2141269,72.5229151
23.2141269,72.5229151
23.2141269,72.5229151
23.2139064,72.52334
23.2139064,72.52334
23.2139064,72.52334
23.2139064,72.52334
23.2139064,72.52334
23.2139064,72.52334
23.2139064,72.52334
23.2139064,72.52334
23.2137442,72.5236381
23.2137442,72.5236381
23.2137442,72.5236381
23.2137442,72.5236381
23.2137442,72.5236381
23.2137442,72.5236381
23.2137442,72.5236381
23.2137442,72.5236381
23.2135413,72.523974
23.2135413,72.523974
23.2135413,72.523974
23.2135413,72.523974
23.2135413,72.523974
23.2135413,72.523974
23.2135413,72.523974
23.2135413,72.523974
23.2134243,72.5242457
23.2134243,72.5242457
23.2134243,72.5242457
23.2134243,72.5242457
23.2134243,72.5242457
23.2134243,72.5242457
23.2134243,72.5242457
23.2134243,72.5242457
23.2133385,72.5244705
23.2133385,72.5244705
23.2133385,72.5244705
23.2133385,72.5244705
23.2133385,72.5244705
23.2133385,72.5244705
23.2133385,72.5244705
23.2133385,72.5244705
23.213251,72.524651
23.213251,72.524651
23.213251,72.524651
23.2131481,72.5248132
23.2131481,72.5248132
23.2130644,72.5249323
23.2130644,72.5249323
23.2130644,72.5249323
23.2130644,72.5249323
23.2127609,72.5254721
23.2127609,72.5254721
23.2127609,72.5254721
23.2127609,72.5254721
23.2127609,72.5254721
23.2127609,72.5254721
23.2127609,72.5254721
23.2127609,72.5254721
23.2121663,72.5264695
23.2121663,72.5264695
23.2121663,72.5264695
23.2121663,72.5264695
23.2113762,72.5279321
23.2113762,72.5279321
23.2113762,72.5279321
23.2113762,72.5279321
23.2113762,72.5279321
23.2113762,72.5279321
23.2113762,72.5279321
23.2113762,72.5279321
23.2105294,72.52947
23.2105294,72.52947
23.2105294,72.52947
23.2096081,72.5311397
23.2096081,72.5311397
23.2096081,72.5311397
23.2087703,72.5326421
23.2087703,72.5326421
23.2087703,72.5326421
23.2087703,72.5326421
23.2087703,72.5326421
23.2087703,72.5326421
23.2087703,72.5326421
23.2087703,72.5326421
23.2079846,72.5340823
23.2079846,72.5340823
23.2079846,72.5340823
23.2069414,72.5355511
23.2062879,72.5361531
23.2054115,72.5366744
23.2054115,72.5366744
23.2054115,72.5366744
23.2054115,72.5366744
23.2054115,72.5366744
23.2054115,72.5366744
23.2054115,72.5366744
23.2054115,72.5366744
23.2041724,72.53744
23.2041724,72.53744
23.2041724,72.53744
23.2041724,72.53744
23.2041724,72.53744
23.2041724,72.53744
23.2041724,72.53744
23.2041724,72.53744
23.2028878,72.5380748
23.2028878,72.5380748
23.2028878,72.5380748
23.2028878,72.5380748
23.2028878,72.5380748
23.2028878,72.5380748
23.2028878,72.5380748
23.2028878,72.5380748
23.2015696,72.5386605
23.2015696,72.5386605
23.2015696,72.5386605
23.2015696,72.5386605
23.2015696,72.5386605
23.2015696,72.5386605
23.2015696,72.5386605
23.2015696,72.5386605
23.2003422,72.5392084
23.1988934,72.5399817
23.1988934,72.5399817
23.1988934,72.5399817
23.1988934,72.5399817
23.1988934,72.5399817
23.1988934,72.5399817
23.1988934,72.5399817
23.1988934,72.5399817
23.1979115,72.54136
23.1979115,72.54136
23.1979115,72.54136
23.1979115,72.54136
23.1979115,72.54136
23.1979115,72.54136
23.1979115,72.54136
23.1979115,72.54136
23.1973681,72.5429328
23.1973681,72.5429328
23.1973681,72.5429328
23.1973681,72.5429328
23.1973681,72.5429328
23.1973681,72.5429328
23.1973681,72.5429328
23.1973681,72.5429328
23.1969091,72.5446701
23.1969091,72.5446701
23.1969091,72.5446701
23.1969091,72.5446701
23.1969091,72.5446701
23.1969091,72.5446701
23.1969091,72.5446701
23.1969091,72.5446701
23.1967136,72.5465599
23.1967136,72.5465599
23.1967136,72.5465599
23.1967136,72.5465599
23.1967136,72.5465599
23.1967136,72.5465599
23.1967136,72.5465599
23.1967136,72.5465599
23.196691,72.5479481
23.196691,72.5479481
23.196691,72.5479481
23.196691,72.5479481
23.196691,72.5479481
23.196691,72.5479481
23.196691,72.5479481
23.196691,72.5479481
23.1965771,72.5486063
23.1965771,72.5486063
23.1965771,72.5486063
23.1965771,72.5486063
23.1965771,72.5486063
23.1965771,72.5486063
23.1965771,72.5486063
23.1965771,72.5486063
23.196513,72.5487842
23.196513,72.5487842
23.196513,72.5487842
23.196513,72.5487842
23.196513,72.5487842
23.196513,72.5487842
23.196513,72.5487842
23.196513,72.5487842
23.1964725,72.5488873
23.1964725,72.5488873
23.1964725,72.5488873
23.1964725,72.5488873
23.1964725,72.5488873
23.1964725,72.5488873
23.1964725,72.5488873
23.1964725,72.5488873
23.1964127,72.5490615
23.1964127,72.5490615
23.1964127,72.5490615
23.1964127,72.5490615
23.1964127,72.5490615
23.1964127,72.5490615
23.1964127,72.5490615
23.1964127,72.5490615
23.1963486,72.5492089
23.1963486,72.5492089
23.1963486,72.5492089
23.1963486,72.5492089
23.1963486,72.5492089
23.1963486,72.5492089
23.1963486,72.5492089
23.1963486,72.5492089
23.1962589,72.5493888
23.1962589,72.5493888
23.1962589,72.5493888
23.1962589,72.5493888
23.1962589,72.5493888
23.1962589,72.5493888
23.1962589,72.5493888
23.1962589,72.5493888
23.1961797,72.5495134
23.1961797,72.5495134
23.1961797,72.5495134
23.1961797,72.5495134
23.1961797,72.5495134
23.1961797,72.5495134
23.1961797,72.5495134
23.1961797,72.5495134
23.1960927,72.5496653
23.1960927,72.5496653
23.1960927,72.5496653
23.1960927,72.5496653
23.1960927,72.5496653
23.1960927,72.5496653
23.1960927,72.5496653
23.1960927,72.5496653
23.1954185,72.5503066
23.1954185,72.5503066
23.1954185,72.5503066
23.1954185,72.5503066
23.1954185,72.5503066
23.1954185,72.5503066
23.1954185,72.5503066
23.1954185,72.5503066
23.1941625,72.5511148
23.1941625,72.5511148
23.1941625,72.5511148
23.1941625,72.5511148
23.1941625,72.5511148
23.1941625,72.5511148
23.1941625,72.5511148
23.1941625,72.5511148
23.1928488,72.5519614
23.1928488,72.5519614
23.1928488,72.5519614
23.1928488,72.5519614
23.1928488,72.5519614
23.1928488,72.5519614
23.1928488,72.5519614
23.1928488,72.5519614
23.1917457,72.5529448
23.1917457,72.5529448
23.1917457,72.5529448
23.1917457,72.5529448
23.1917457,72.5529448
23.1917457,72.5529448
23.1917457,72.5529448
23.1917457,72.5529448
23.1907963,72.5541795
23.1907963,72.5541795
23.1907963,72.5541795
23.1907963,72.5541795
23.1907963,72.5541795
23.1907963,72.5541795
23.1907963,72.5541795
23.1907963,72.5541795
23.1897772,72.5556533
23.1897772,72.5556533
23.1897772,72.5556533
23.1897772,72.5556533
23.1897772,72.5556533
23.1897772,72.5556533
23.1897772,72.5556533
23.1897772,72.5556533
23.1888525,72.5569346
23.1888525,72.5569346
23.1888525,72.5569346
23.1888525,72.5569346
23.1888525,72.5569346
23.1888525,72.5569346
23.1888525,72.5569346
23.1888525,72.5569346
23.1879326,72.5581658
23.1879326,72.5581658
23.1879326,72.5581658
23.1879326,72.5581658
23.1879326,72.5581658
23.1879326,72.5581658
23.1879326,72.5581658
23.1879326,72.5581658
23.1872543,72.5590796
23.1872543,72.5590796
23.1872543,72.5590796
23.1872543,72.5590796
23.1872543,72.5590796
23.1872543,72.5590796
23.1872543,72.5590796
23.1872543,72.5590796
23.1868679,72.5597031
23.1868679,72.5597031
23.1868679,72.5597031
23.1866831,72.5600053
23.1866831,72.5600053
23.1866831,72.5600053
23.1866831,72.5600053
23.1866831,72.5600053
23.1866831,72.5600053
23.1866831,72.5600053
23.1864928,72.5602715
23.1864928,72.5602715
23.1864928,72.5602715
23.1864928,72.5602715
23.1864928,72.5602715
23.1864928,72.5602715
23.1864928,72.5602715
23.1864928,72.5602715
23.1861785,72.5606788
23.1861785,72.5606788
23.1861785,72.5606788
23.1861785,72.5606788
23.1861785,72.5606788
23.1861785,72.5606788
23.1861785,72.5606788
23.1861785,72.5606788
23.1855463,72.5614646
23.1855463,72.5614646
23.1855463,72.5614646
23.1855463,72.5614646
23.1855463,72.5614646
23.1855463,72.5614646
23.1855463,72.5614646
23.1855463,72.5614646
23.1848285,72.5623342
23.1848285,72.5623342
23.1848285,72.5623342
23.1848285,72.5623342
23.1848285,72.5623342
23.1848285,72.5623342
23.1848285,72.5623342
23.1848285,72.5623342
23.1839031,72.5634859
23.1839031,72.5634859
23.1839031,72.5634859
23.1839031,72.5634859
23.1839031,72.5634859
23.1839031,72.5634859
23.1839031,72.5634859
23.1839031,72.5634859
23.1834696,72.564027
23.1834696,72.564027
23.1834696,72.564027
23.1834696,72.564027
23.1834696,72.564027
23.1834696,72.564027
23.1834696,72.564027
23.1834696,72.564027
23.1833568,72.5641689
23.1833568,72.5641689
23.1833568,72.5641689
23.1833568,72.5641689
23.1833568,72.5641689
23.1833568,72.5641689
23.1833568,72.5641689
23.1833568,72.5641689
23.1832745,72.5642868
23.1832745,72.5642868
23.1832745,72.5642868
23.1832745,72.5642868
23.1832745,72.5642868
23.1828818,72.5647029
23.1828818,72.5647029
23.1828818,72.5647029
23.1828818,72.5647029
23.1828818,72.5647029
23.1827336,72.5648952
23.1827336,72.5648952
23.1827336,72.5648952
23.1827336,72.5648952
23.1827336,72.5648952
23.1827336,72.5648952
23.1827336,72.5648952
23.1827336,72.5648952
23.1825938,72.5650658
23.1825938,72.5650658
23.1825938,72.5650658
23.1825938,72.5650658
23.1825938,72.5650658
23.1825938,72.5650658
23.1825938,72.5650658
23.1825938,72.5650658
23.1824782,72.5651644
23.1824782,72.5651644
23.1824782,72.5651644
23.1824782,72.5651644
23.1824782,72.5651644
23.1824782,72.5651644
23.1824782,72.5651644
23.1824782,72.5651644
23.182031,72.5656395
23.182031,72.5656395
23.182031,72.5656395
23.182031,72.5656395
23.182031,72.5656395
23.182031,72.5656395
23.182031,72.5656395
23.182031,72.5656395
23.1811872,72.5666715
23.1811872,72.5666715
23.1811872,72.5666715
23.1811872,72.5666715
23.1811872,72.5666715
23.1811872,72.5666715
23.1811872,72.5666715
23.1811872,72.5666715
23.1802864,72.5677507
23.1802864,72.5677507
23.1802864,72.5677507
23.1802864,72.5677507
23.1802864,72.5677507
23.1802864,72.5677507
23.1802864,72.5677507
23.1802864,72.5677507
23.1795389,72.5687938
23.1795389,72.5687938
23.1795389,72.5687938
23.1795389,72.5687938
23.1795389,72.5687938
23.1795389,72.5687938
23.1795389,72.5687938
23.1795389,72.5687938
23.1787495,72.5700494
23.1787495,72.5700494
23.1787495,72.5700494
23.1787495,72.5700494
23.1787495,72.5700494
23.1787495,72.5700494
23.1787495,72.5700494
23.1787495,72.5700494
23.178069,72.5711486
23.178069,72.5711486
23.178069,72.5711486
23.178069,72.5711486
23.178069,72.5711486
23.178069,72.5711486
23.178069,72.5711486
23.178069,72.5711486
23.1775082,72.5720848
23.1775082,72.5720848
23.1775082,72.5720848
23.1775082,72.5720848
23.1775082,72.5720848
23.1775082,72.5720848
23.1775082,72.5720848
23.1775082,72.5720848
23.1769314,72.5730174
23.1769314,72.5730174
23.1769314,72.5730174
23.1769314,72.5730174
23.1769314,72.5730174
23.1769314,72.5730174
23.1769314,72.5730174
23.1769314,72.5730174
23.1764654,72.5737625
23.1764654,72.5737625
23.1764654,72.5737625
23.1764654,72.5737625
23.1764654,72.5737625
23.1764654,72.5737625
23.1764654,72.5737625
23.1764654,72.5737625
23.176068,72.5744305
23.176068,72.5744305
23.176068,72.5744305
23.176068,72.5744305
23.176068,72.5744305
23.176068,72.5744305
23.176068,72.5744305
23.1757054,72.5750432
23.1757054,72.5750432
23.1757054,72.5750432
23.1757054,72.5750432
23.1756708,72.5751248
23.1756708,72.5751248
23.1756708,72.5751248
23.1756708,72.5751248
23.1756708,72.5751248
23.1756708,72.5751248
23.1756708,72.5751248
23.1756708,72.5751248
23.1756925,72.5751623
23.1756925,72.5751623
23.1756925,72.5751623
23.1756925,72.5751623
23.1757625,72.5753792
23.1757625,72.5753792
23.1757625,72.5753792
23.1757625,72.5753792
23.1757625,72.5753792
23.1757625,72.5753792
23.1757625,72.5753792
23.1757625,72.5753792
23.1757958,72.5756389
23.1757958,72.5756389
23.1757958,72.5756389
23.1757958,72.5756389
23.1757958,72.5756389
23.1757958,72.5756389
23.1757958,72.5756389
23.1757958,72.5756389
23.1757981,72.5757022
23.1757981,72.5757022
23.1757981,72.5757022
23.1757981,72.5757022
23.1757981,72.5757022
23.1757981,72.5757022
23.1757981,72.5757022
23.1757981,72.5757022
23.1758159,72.5756991
23.1758159,72.5756991
23.1758159,72.5756991
23.1758159,72.5756991
23.1757423,72.5756629
23.1757423,72.5756629
23.1757423,72.5756629
23.1757423,72.5756629
23.1757423,72.5756629
23.1757423,72.5756629
23.1757423,72.5756629
23.1757423,72.5756629
23.1756948,72.5756027
23.1756948,72.5756027
23.1756948,72.5756027
23.1756948,72.5756027
23.1757518,72.575622
23.1757518,72.575622
23.1757518,72.575622
23.1757518,72.575622
23.1757518,72.575622
23.1757518,72.575622
23.1757518,72.575622
23.1757518,72.575622
23.1757436,72.5756984
23.1757436,72.5756984
23.1757436,72.5756984
23.1757423,72.575684
23.1757423,72.575684
23.1757423,72.575684
23.1757423,72.575684
23.1757423,72.575684
23.1757423,72.575684
23.1757423,72.575684
23.1757423,72.575684
23.1755457,72.5756249
23.1755457,72.5756249
23.1755457,72.5756249
23.1755457,72.5756249
23.1755457,72.5756249
23.1755457,72.5756249
23.1755457,72.5756249
23.1755457,72.5756249
23.1754759,72.5756734
23.1754759,72.5756734
23.1754759,72.5756734
23.1754759,72.5756734
23.1754759,72.5756734
23.1754759,72.5756734
23.1754759,72.5756734
23.1754759,72.5756734
23.1755214,72.5756774
23.1755214,72.5756774
23.1755214,72.5756774
23.1755214,72.5756774
23.1755214,72.5756774
23.1755214,72.5756774
23.1755214,72.5756774
23.1755214,72.5756774
23.1755158,72.5756677
23.1755158,72.5756677
23.1755158,72.5756677
23.1755158,72.5756677
23.1755158,72.5756677
23.1755158,72.5756677
23.1755158,72.5756677
23.1755158,72.5756677
23.1755203,72.5756559
23.1755203,72.5756559
23.1755203,72.5756559
23.1755203,72.5756559
23.1755203,72.5756559
23.1755203,72.5756559
23.1755203,72.5756559
23.1755203,72.5756559
23.1755193,72.575672
23.1755193,72.575672
23.1755193,72.575672
23.1755193,72.575672
23.1755193,72.575672
23.1755193,72.575672
23.1755193,72.575672
23.1755193,72.575672
23.1755301,72.5756612
23.1754948,72.5756572
23.1754948,72.5756572
23.1754948,72.5756572
23.1754948,72.5756572
23.1754948,72.5756572
23.1754948,72.5756572
23.1754948,72.5756572
23.1754948,72.5756572
23.1754966,72.5756469
23.1754966,72.5756469
23.1754966,72.5756469
23.1754966,72.5756469
23.1754966,72.5756469
23.1754966,72.5756469
23.1754966,72.5756469
23.1754966,72.5756469
23.1754966,72.5756355
23.1754966,72.5756355
23.1754966,72.5756355
23.1754966,72.5756355
23.1754966,72.5756355
23.1754966,72.5756355
23.1754966,72.5756355
23.1754966,72.5756355
23.1755003,72.5756533
23.1755003,72.5756533
23.1755003,72.5756533
23.1755003,72.5756533
23.1755003,72.5756533
23.1755003,72.5756533
23.1755003,72.5756533
23.1755003,72.5756533
23.1754964,72.5756319
23.1754964,72.5756319
23.1754964,72.5756319
23.1754964,72.5756319
23.1754964,72.5756319
23.1754964,72.5756319
23.1754964,72.5756319
23.1754964,72.5756319
23.1754986,72.5755914
23.1754986,72.5755914
23.1754986,72.5755914
23.1755265,72.5756345
23.1755265,72.5756345
23.1755265,72.5756345
23.1755265,72.5756345
23.1755265,72.5756345
23.1755265,72.5756345
23.1755265,72.5756345
23.1755265,72.5756345
23.1755365,72.5756394
23.1755365,72.5756394
23.1755471,72.5756359
23.1755471,72.5756359
23.1755471,72.5756359
23.1755471,72.5756359
23.1755471,72.5756359
23.1755471,72.5756359
23.1755471,72.5756359
23.1755471,72.5756359
23.1755512,72.5756249
23.1755512,72.5756249
23.1755512,72.5756249
23.1755512,72.5756249
23.1755512,72.5756249
23.1755512,72.5756249
23.1755512,72.5756249
23.1755512,72.5756249
23.1718907,72.5740713
23.1718907,72.5740713
23.1718907,72.5740713
23.1718907,72.5740713
23.1718907,72.5740713
23.1718907,72.5740713
23.1718907,72.5740713
23.1718907,72.5740713
23.1755462,72.575625
23.1755462,72.575625
23.1755462,72.575625
23.1755462,72.575625
23.1755462,72.575625
23.1755462,72.575625
23.1755462,72.575625
23.1755462,72.575625
23.1755357,72.5756314
23.1755357,72.5756314
23.1755357,72.5756314
23.1755357,72.5756314
23.1755357,72.5756314
23.1755357,72.5756314
23.1755357,72.5756314
23.1755357,72.5756314
23.1755103,72.5756249
23.1755049,72.5756159
23.1755049,72.5756159
23.1755049,72.5756159
23.1755049,72.5756159
23.1755052,72.5756157
23.1755063,72.5756161
