0.001
0.001
0.7
0.7
0.7
0.7
0.7
0.7
0.7
0.7
0.7
0.7
0.7
0.7
0.7
0.7
0.7
0.7
0.7
0.7
3.6
3.6
3.6
3.6
3.6
3.6
3.6
3.6
3.6
0.016
0.016
0.016
0.016
0.016
0.016
0.002
0.002
0.002
0.002
0.002
0.002
0.002
0.002
0.002
0.1
0.1
0.1
0.1
0.1
0.1
0.1
0.1
0.1
0.1
0.1
0.1
0.1
0.1
0.1
0.1
0.1
0.1
0.1
0.1
0.1
0.1
0.1
0.1
0.1
0.1
0.1
0.004
0.004
0.004
0.004
0.004
0.004
0.004
0.004
0.004
0.009
0.009
0.009
0.009
0.009
0.009
0.009
0.009
0.009
0.093
0.093
0.093
0.093
0.093
0.093
0.093
0.093
0.093
0.001
0.001
0.001
0.001
0.001
0.001
0.001
0.001
0.001
0.1
0.1
0.1
0.1
0.1
0.1
0.1
0.1
0.1
0.1
0.1
0.1
0.1
0.1
0.1
0.1
0.1
0.1
0.002
0.002
0.002
0.002
0.002
0.002
0.002
0.002
0.002
0.001
0.001
0.001
0.001
0.001
0.001
0.001
0.001
0.001
0.001
0.001
0.006
0.006
0.006
0.006
0.006
0.006
0.006
0.006
0.006
0.005
0.005
0.005
0.005
0.005
0.005
0.005
0.005
0.005
0.005
0.005
0.003
0.003
0.003
0.003
0.003
0.003
0.003
0.003
0.003
0.001
0.001
0.001
0.001
0.001
0.001
0.001
0.001
0.001
0.001
0.001
0.001
0.001
0.001
0.001
0.001
0.001
0.001
0.001
0.1
0.1
0.1
0.1
0.1
0.018
0.1
0.1
0.1
0.1
0.005
0.1
0.1
0.001
0.001
0.001
0.1
0.1
0.1
0.1
0.002
0.017
0.021
0.011
0.01
0.1
0.1
0.013
0.1
0.002
0.1
0.003
0.1
0.1
0.1
0.1
0.005
0.1
0.1
0.004
0.1
0.2
0.1
0.01
0.3
0.3
0.1
0.001
0.1
0.1
0.001
0.017
0.016
0.002
0.1
0.1
0.012
0.1
0.2
