0.004
0.004
0.007
0.007
0.007
0.007
0.001
0.001
0.001
0.001
0.001
0.001
0.001
0.001
0.005
0.005
0.005
0.005
0.005
0.005
0.005
0.005
0.001
0.001
0.001
0.001
0.001
0.001
0.001
0.001
0.002
0.002
0.002
0.002
0.001
0.001
0.001
0.001
0.003
0.003
0.003
0.003
0.01
0.01
0.01
0.01
0.013
0.013
0.013
0.013
0.001
0.001
0.001
0.001
0.017
0.017
0.017
0.017
0.003
0.003
0.003
0.003
0.011
0.011
0.011
0.011
0.009
0.009
0.009
0.009
0.014
0.014
0.014
0.014
0.002
0.002
0.002
0.002
0.002
0.002
0.002
0.002
0.014
0.014
0.014
0.014
0.013
0.013
0.013
0.013
0.001
0.001
0.001
0.001
0.013
0.013
0.013
0.013
0.011
0.011
0.011
0.011
0.001
0.001
0.001
0.001
0.001
0.001
0.001
0.001
0.017
0.017
0.017
0.017
0.016
0.016
0.016
0.016
0.001
0.001
0.001
0.001
0.011
0.011
0.011
0.011
0.006
0.006
0.006
0.006
0.018
0.018
0.018
0.018
0.001
0.001
0.001
0.001
0.005
0.005
0.005
0.005
0.002
0.002
0.002
0.002
0.005
0.005
0.005
0.005
0.007
0.007
0.007
0.007
0.001
0.001
0.001
0.001
0.014
0.014
0.014
0.014
0.007
0.007
0.007
0.007
0.012
0.012
0.012
0.012
0.021
0.021
0.021
0.021
0.004
0.004
0.004
0.004
0.004
0.004
0.004
0.004
0.006
0.006
0.006
0.006
0.006
0.006
0.006
0.006
0.013
0.013
0.013
0.013
0.003
0.003
0.003
0.003
0.004
0.004
0.004
0.004
0.006
0.006
0.006
0.006
0.001
0.001
0.001
0.001
0.001
0.001
0.001
0.001
0.001
0.001
0.001
0.001
0.005
0.005
0.005
0.005
0.006
0.006
0.006
0.006
0.001
0.001
0.001
0.001
0.009
0.009
0.009
0.009
0.009
0.009
0.009
0.009
0.011
0.011
0.011
0.011
0.012
0.012
0.012
0.012
0.001
0.001
0.001
0.001
0.001
0.001
0.001
0.001
0.001
0.001
0.001
0.001
0.001
0.001
0.001
0.001
0.001
0.001
0.001
0.001
0.002
0.002
0.002
0.002
0.001
0.001
0.001
0.001
0.011
0.006
0.006
0.006
0.006
0.002
0.002
0.002
0.002
0.003
0.003
0.003
0.003
0.009
0.009
0.009
0.009
0.006
0.006
0.006
0.006
0.009
0.009
0.009
0.009
0.007
0.007
0.007
0.007
0.008
0.008
0.008
0.008
0.001
0.001
0.001
0.001
0.005
0.005
0.005
0.005
0.002
0.002
0.002
0.002
0.005
0.005
0.005
0.005
0.006
0.006
0.006
0.006
0.001
0.001
0.001
0.001
0.01
0.01
0.01
0.01
0.009
0.009
0.009
0.009
0.023
0.023
0.023
0.023
0.011
0.011
0.011
0.011
0.009
0.009
0.009
0.009
0.003
0.003
0.003
0.003
0.019
0.019
0.019
0.019
0.004
0.004
0.004
0.004
0.001
0.001
0.001
0.001
0.002
0.002
0.002
0.002
0.017
0.017
0.017
0.017
0.002
0.002
0.002
0.002
0.1
0.1
0.1
0.1
0.055
0.055
0.055
0.055
0.021
0.021
0.021
0.021
0.004
0.004
0.004
0.004
0.001
0.001
0.001
0.001
0.01
0.01
0.01
0.01
0.004
0.004
0.004
0.013
0.013
0.013
0.013
0.1
0.1
0.1
0.1
0.024
0.024
0.024
0.024
0.4
0.4
0.007
0.007
0.019
0.019
0.019
0.019
0.007
0.007
0.007
0.007
0.02
0.02
0.02
0.02
0.3
0.3
0.3
0.3
0.4
0.4
0.4
0.4
3
3
3
3
3.6
3.6
3.6
3.6
0.077
0.077
0.077
0.077
0.003
0.003
0.003
0.003
0.001
0.001
0.001
0.001
0.002
0.002
0.002
0.002
0.005
0.005
0.005
0.025
0.025
0.025
0.025
0.025
0.025
0.047
0.047
0.047
0.047
0.023
0.023
0.023
0.023
0.2
0.2
0.2
0.2
0.047
0.047
0.047
0.047
0.083
0.083
0.083
0.083
0.048
0.048
0.048
0.048
0.9
0.9
0.9
0.9
0.6
0.6
0.6
0.6
0.5
0.5
0.5
0.5
1
1
1
0.9
0.9
0.9
0.9
1
1
1
1
0.6
0.6
0.6
0.6
0.075
0.075
0.075
0.075
0.001
0.4
0.2
0.2
0.2
0.2
0.067
0.067
0.067
0.067
0.3
0.3
0.3
0.3
0.024
0.024
0.024
0.024
0.077
0.077
0.077
0.001
0.001
0.001
0.001
0.5
0.004
