0.013
0.002
0.002
0.002
0.1
0.002
0.002
0.002
0.002
0.002
0.002
4.6
4.6
4.6
4.6
4.6
4.6
2.2
2.2
2.2
2.2
2.2
2.2
0.9
0.9
0.9
0.9
0.9
0.9
0.1
0.1
0.1
0.1
0.1
1.2
1.2
1.2
1.2
0.01
0.01
0.01
0.01
0.01
0.01
0.003
0.003
0.002
0.002
0.002
0.005
0.005
0.005
0.005
0.005
0.005
0.005
0.001
0.001
0.001
0.001
0.002
0.002
0.002
0.061
1.1
1.1
1.1
0.002
0.002
0.002
1.2
1.2
1.2
1.2
0.078
0.078
0.078
0.078
1.2
1.2
1.2
1.2
0.016
0.016
0.016
0.016
0.008
0.008
0.008
0.008
0.1
0.1
0.1
0.1
0.3
0.3
0.3
0.3
1.5
1.5
1.5
