18.5119706,73.9235134
18.5119879,73.9235815
18.5119903,73.9236104
18.5119903,73.9236104
18.5119903,73.9236104
18.5119903,73.9236104
18.51198,73.9236219
18.51198,73.9236219
18.51198,73.9236219
18.51198,73.9236219
18.51198,73.9236219
18.51198,73.9236219
18.51198,73.9236219
18.51198,73.9236219
18.51198,73.9236219
18.51198,73.9236219
18.5120009,73.9236422
18.5120009,73.9236422
18.5120009,73.9236422
18.5120009,73.9236422
18.5120009,73.9236422
18.5120009,73.9236422
18.5120009,73.9236422
18.5120009,73.9236422
18.5120009,73.9236422
18.5120009,73.9236422
18.5119874,73.9236179
18.5119874,73.9236179
18.5119874,73.9236179
18.5119874,73.9236179
18.5119874,73.9236179
18.5119874,73.9236179
18.5119874,73.9236179
18.5119874,73.9236179
18.5119874,73.9236179
18.5119874,73.9236179
18.5119958,73.9236292
18.5119958,73.9236292
18.5119958,73.9236292
18.5119958,73.9236292
18.5119958,73.9236292
18.5119958,73.9236292
18.5119958,73.9236292
18.5119958,73.9236292
18.5119958,73.9236292
18.5119958,73.9236292
18.5119855,73.9236181
18.5119855,73.9236181
18.5119855,73.9236181
18.5119855,73.9236181
18.5119855,73.9236181
18.5119855,73.9236181
18.5119855,73.9236181
18.5119855,73.9236181
18.5119855,73.9236181
18.5119855,73.9236181
18.5119961,73.9236311
18.5119961,73.9236311
18.5119961,73.9236311
18.5119961,73.9236311
18.5119961,73.9236311
18.5119961,73.9236311
18.5119961,73.9236311
18.5119961,73.9236311
18.5119961,73.9236311
18.5119961,73.9236311
18.51196,73.9235851
18.51196,73.9235851
18.51196,73.9235851
18.51196,73.9235851
18.51196,73.9235851
18.51196,73.9235851
18.51196,73.9235851
18.51196,73.9235851
18.51196,73.9235851
18.51196,73.9235851
18.5120048,73.9236476
18.5120048,73.9236476
18.5120048,73.9236476
18.5120048,73.9236476
18.5120048,73.9236476
18.5120048,73.9236476
18.5120048,73.9236476
18.5120048,73.9236476
18.5120048,73.9236476
18.5120048,73.9236476
18.5119864,73.9236188
18.5119864,73.9236188
18.5119864,73.9236188
18.5119864,73.9236188
18.5119864,73.9236188
18.5119864,73.9236188
18.5119864,73.9236188
18.5119864,73.9236188
18.5119864,73.9236188
18.5119864,73.9236188
18.5119797,73.9235951
18.5119797,73.9235951
18.5119797,73.9235951
18.5119797,73.9235951
18.5119797,73.9235951
18.5119797,73.9235951
18.5119797,73.9235951
18.5119797,73.9235951
18.5119797,73.9235951
18.5119797,73.9235951
18.512001,73.9236425
18.512001,73.9236425
18.512001,73.9236425
18.512001,73.9236425
18.512001,73.9236425
18.512001,73.9236425
18.512001,73.9236425
18.512001,73.9236425
18.512001,73.9236425
18.512001,73.9236425
18.5119784,73.9236171
18.5119784,73.9236171
18.5119784,73.9236171
18.5119784,73.9236171
18.5119784,73.9236171
18.5119784,73.9236171
18.5119784,73.9236171
18.5119784,73.9236171
18.5119784,73.9236171
18.5119784,73.9236171
18.5119877,73.9236206
18.5119877,73.9236206
18.5119877,73.9236206
18.5119877,73.9236206
18.5119877,73.9236206
18.5119877,73.9236206
18.5119877,73.9236206
18.5119769,73.9235918
18.5119769,73.9235918
18.5119769,73.9235918
18.5119769,73.9235918
18.5119769,73.9235918
18.5119769,73.9235918
18.5119769,73.9235918
18.5119769,73.9235918
18.5119769,73.9235918
18.5119769,73.9235918
18.5119978,73.9236401
18.5119978,73.9236401
18.5119978,73.9236401
18.5119978,73.9236401
18.5119978,73.9236401
18.5119978,73.9236401
18.5119978,73.9236401
18.5119978,73.9236401
18.5119978,73.9236401
18.5119978,73.9236401
18.5119763,73.9236159
18.5119763,73.9236159
18.5119763,73.9236159
18.5119763,73.9236159
18.5119763,73.9236159
18.5119763,73.9236159
18.5119763,73.9236159
18.5119763,73.9236159
18.5119763,73.9236159
18.5119763,73.9236159
18.5119893,73.9236259
18.5119893,73.9236259
18.5119893,73.9236259
18.5119893,73.9236259
18.5119893,73.9236259
18.5119893,73.9236259
18.5119893,73.9236259
18.5119893,73.9236259
18.5119893,73.9236259
18.5119893,73.9236259
18.5119844,73.923612
18.5119844,73.923612
18.5119844,73.923612
18.5119863,73.9236021
18.5119863,73.9236021
18.5119863,73.9236021
18.5119863,73.9236021
18.5119863,73.9236021
18.5119863,73.9236021
18.51198,73.9235901
18.51198,73.9235901
18.511992,73.9235977
18.511992,73.9235977
18.511992,73.9235977
18.511992,73.9235977
18.511992,73.9235977
18.511992,73.9235977
18.511992,73.9235977
18.511992,73.9235977
18.511992,73.9235977
18.511992,73.9235977
18.511992,73.9235977
18.5120048,73.9236476
18.5120048,73.9236476
18.5120048,73.9236476
18.5120048,73.9236476
18.5120048,73.9236476
18.5119907,73.9236155
18.5119907,73.9236155
18.5119907,73.9236155
18.5119907,73.9236155
18.5119907,73.9236155
18.5119907,73.9236155
18.5119907,73.9236155
18.5119907,73.9236155
18.5119907,73.9236155
18.5119907,73.9236155
18.5119871,73.9236025
18.5119871,73.9236025
18.5119871,73.9236025
18.5119871,73.9236025
18.5119871,73.9236025
18.5119871,73.9236025
18.5119871,73.9236025
18.5119871,73.9236025
18.5119871,73.9236025
18.5119871,73.9236025
18.5119526,73.9235407
18.5119526,73.9235407
18.5119526,73.9235407
18.5119526,73.9235407
18.5119526,73.9235407
18.5119526,73.9235407
18.5119914,73.9236283
18.5119914,73.9236283
18.5119914,73.9236283
18.5119914,73.9236283
18.5119914,73.9236283
18.5119914,73.9236283
18.5119914,73.9236283
18.5119914,73.9236283
18.5119914,73.9236283
18.5119914,73.9236283
18.511963,73.9235664
18.511963,73.9235664
18.511963,73.9235664
18.511963,73.9235664
18.511963,73.9235664
18.511963,73.9235664
18.511963,73.9235664
18.511963,73.9235664
18.511963,73.9235664
18.511963,73.9235664
18.5120048,73.9236476
18.5120048,73.9236476
18.5120048,73.9236476
18.5120048,73.9236476
18.5120048,73.9236476
18.5120048,73.9236476
18.5120048,73.9236476
18.5120048,73.9236476
18.5120048,73.9236476
18.5120048,73.9236476
18.5119993,73.9236225
18.5119993,73.9236225
18.5119993,73.9236225
18.5119993,73.9236225
18.5119993,73.9236225
18.5119993,73.9236225
18.5119993,73.9236225
18.5119993,73.9236225
18.5119993,73.9236225
18.5119993,73.9236225
18.5119926,73.9236117
18.5119926,73.9236117
18.5119926,73.9236117
18.5119926,73.9236117
18.5119926,73.9236117
18.5119926,73.9236117
18.5119926,73.9236117
18.5119926,73.9236117
18.5119926,73.9236117
18.5119926,73.9236117
18.5120019,73.9236627
18.5120019,73.9236627
18.5120019,73.9236627
18.5120019,73.9236627
18.5120019,73.9236627
18.5120019,73.9236627
18.5120019,73.9236627
18.5120019,73.9236627
18.5120019,73.9236627
18.5120019,73.9236627
18.5119663,73.9235525
18.5119663,73.9235525
18.5119663,73.9235525
18.5119663,73.9235525
18.5119663,73.9235525
18.5119663,73.9235525
18.5119663,73.9235525
18.5119663,73.9235525
18.511986,73.9236171
18.511986,73.9236171
18.511986,73.9236171
18.511986,73.9236171
18.511986,73.9236171
18.511986,73.9236171
18.511986,73.9236171
18.511986,73.9236171
18.511986,73.9236171
18.511986,73.9236171
18.5120085,73.9236344
18.5120085,73.9236344
18.5120085,73.9236344
18.5120085,73.9236344
18.5120085,73.9236344
18.5120085,73.9236344
18.5120085,73.9236344
18.5119889,73.9236151
18.5119889,73.9236151
18.5119889,73.9236151
18.5119889,73.9236151
18.5119889,73.9236151
18.5119889,73.9236151
18.5119889,73.9236151
18.5119889,73.9236151
18.5119889,73.9236151
18.5119889,73.9236151
18.5119924,73.9236304
18.5119924,73.9236304
18.5119924,73.9236304
18.5119924,73.9236304
18.5119924,73.9236304
18.5119924,73.9236304
18.5119924,73.9236304
18.511923,73.9235473
18.511923,73.9235473
18.511923,73.9235473
18.511923,73.9235473
18.511923,73.9235473
18.511923,73.9235473
18.511923,73.9235473
18.511923,73.9235473
18.511923,73.9235473
18.511923,73.9235473
18.5119706,73.9235134
18.5119706,73.9235134
18.5119706,73.9235134
18.5119706,73.9235134
18.5119706,73.9235134
18.5119706,73.9235134
18.5119706,73.9235134
18.5119902,73.9236203
18.5119902,73.9236203
18.5119902,73.9236203
18.5119902,73.9236203
18.5119902,73.9236203
18.5119902,73.9236203
18.5119902,73.9236203
18.5119902,73.9236203
18.5119902,73.9236203
18.5119902,73.9236203
18.5119955,73.9236303
18.5119955,73.9236303
18.5119955,73.9236303
18.5119955,73.9236303
18.5119955,73.9236303
18.5119955,73.9236303
18.5119955,73.9236303
18.5119955,73.9236303
18.5119955,73.9236303
18.5119898,73.9236232
18.5119851,73.9236131
18.5119851,73.9236131
18.5119851,73.9236131
18.5119851,73.9236131
18.5119851,73.9236131
18.5119851,73.9236131
18.5119851,73.9236131
18.5119851,73.9236131
18.5119851,73.9236131
18.5119891,73.9236232
18.5119891,73.9236232
18.5119891,73.9236232
18.5119891,73.9236232
18.5119891,73.9236232
18.5119891,73.9236232
18.5119891,73.9236232
18.5119891,73.9236232
18.5119891,73.9236232
18.5119876,73.9235996
18.5119876,73.9235996
18.5119876,73.9235996
18.5119876,73.9235996
18.5119876,73.9235996
18.5119876,73.9235996
18.5119876,73.9235996
18.5119876,73.9235996
18.5119876,73.9235996
18.5119876,73.9235996
18.5119828,73.9236245
18.5119828,73.9236245
18.5119828,73.9236245
18.5119828,73.9236245
18.5119828,73.9236245
18.5119828,73.9236245
18.5119828,73.9236245
18.5119828,73.9236245
18.5119828,73.9236245
18.5119787,73.9235855
18.5119967,73.9236306
18.5119967,73.9236306
18.5119967,73.9236306
18.5119967,73.9236306
18.5119967,73.9236306
18.5119967,73.9236306
18.5119967,73.9236306
18.5119967,73.9236306
18.5119967,73.9236306
18.5120048,73.9236476
18.5120048,73.9236476
18.5119915,73.9236237
18.5119915,73.9236237
18.5119915,73.9236237
18.5119915,73.9236237
18.5119915,73.9236237
18.5119915,73.9236237
18.5119915,73.9236237
18.5119915,73.9236237
18.5119792,73.9236056
18.5119792,73.9236056
18.5119792,73.9236056
18.5119792,73.9236056
18.5119792,73.9236056
18.5119792,73.9236056
18.5119792,73.9236056
18.5119792,73.9236056
18.5119792,73.9236056
18.5119792,73.9236056
18.5119963,73.9236376
18.5119963,73.9236376
18.5119963,73.9236376
18.5119963,73.9236376
18.5119963,73.9236376
18.5119963,73.9236376
18.5119963,73.9236376
18.5119963,73.9236376
18.5119963,73.9236376
18.5119963,73.9236376
18.512008,73.9236342
18.512008,73.9236342
18.512008,73.9236342
18.512008,73.9236342
18.512008,73.9236342
18.512008,73.9236342
18.512008,73.9236342
18.512008,73.9236342
18.512008,73.9236342
18.512008,73.9236342
18.512008,73.9236342
18.5119969,73.9235972
18.5119969,73.9235972
