0.7
0.3
0.3
0.3
0.3
0.3
0.3
0.9
0.9
0.9
0.9
0.9
0.9
0.001
0.001
0.001
0.001
0.001
0.001
1.2
1.2
1.2
1.2
1.2
1.2
1.5
1.5
1.5
1.5
1.5
1.5
1.2
1.2
1.2
1.2
1.2
1.2
4.6
4.6
4.6
4.6
4.6
4.6
4.8
4.8
4.8
4.8
1.6
1.6
1.6
1.6
1.6
1.6
0.1
0.1
0.1
0.1
0.1
0.1
0.035
0.035
0.035
0.035
0.035
0.035
0.1
0.1
0.1
0.1
0.1
0.1
0.001
0.01
0.01
0.01
0.01
0.01
0.01
0.006
0.2
0.2
0.2
0.2
0.2
0.2
0.2
0.1
0.1
0.1
0.1
0.1
0.1
0.1
0.4
0.4
0.4
0.4
0.4
0.4
0.091
0.091
0.091
0.091
0.091
0.091
0.091
0.1
0.1
0.1
0.1
0.1
0.1
0.1
0.033
0.033
0.033
0.033
0.033
0.033
0.033
0.055
0.055
0.055
0.055
0.055
0.055
0.055
0.082
0.082
0.082
0.082
0.082
0.082
0.082
0.4
0.4
0.4
0.4
0.4
0.4
0.4
0.3
0.3
0.3
0.3
0.3
0.1
0.1
0.1
0.1
0.1
0.1
0.1
0.068
0.068
0.068
0.068
0.068
0.068
0.068
0.053
0.053
0.053
0.053
0.053
0.053
0.053
0.1
0.1
0.1
0.1
0.1
0.1
0.1
0.042
0.042
0.042
0.042
0.042
0.042
0.042
0.007
0.007
0.007
0.007
0.007
0.007
0.007
0.088
0.088
0.088
0.088
0.088
1.6
1.6
1.6
11.8
11.8
11.8
11.8
11.8
11.8
11.8
6.1
6.1
6.1
8.8
8.8
8.8
8.8
8.8
8.8
6.4
6.4
6.4
6.4
6.4
6.4
6.4
4.5
4.5
4.5
4.5
4.5
4.5
3.1
3.1
3.1
3.1
3.1
3.1
3.1
2.8
2.8
2.8
2.8
2.8
2.8
2.8
8.8
8.8
8.8
8.8
8.8
8.8
8.8
8.7
8.7
8.7
8.7
8.7
8.7
8.7
0.013
0.013
0.013
0.002
0.002
0.002
0.002
0.002
0.002
0.002
0.5
0.5
0.5
0.5
0.5
0.5
0.5
0.001
0.001
0.001
0.001
0.001
0.001
0.001
0.003
0.003
0.003
0.003
0.003
0.003
0.003
0.001
0.001
0.001
0.001
0.001
0.001
0.052
0.052
0.052
0.052
0.052
0.052
0.052
0.5
0.5
0.5
0.5
0.5
0.5
0.038
0.038
0.038
0.038
0.038
0.038
0.038
0.5
0.5
0.5
0.5
0.5
0.5
0.5
0.5
0.5
0.5
0.5
0.5
0.5
0.038
0.038
0.038
0.038
0.038
0.038
0.04
0.04
0.04
0.04
0.04
0.5
2
2
2
2
2
2
2
1.3
1.3
1.3
1.3
1.3
1.3
1.3
0.8
0.8
0.8
0.8
0.8
0.8
0.8
0.9
0.9
0.9
0.9
0.9
0.9
