0.001
0.003
0.003
0.003
0.003
0.003
0.2
0.2
0.2
0.2
0.2
0.2
0.2
0.2
0.2
0.2
0.003
0.003
0.003
0.003
0.003
0.024
0.024
0.024
0.024
0.024
0.006
0.006
0.006
0.006
0.006
0.013
0.013
0.013
0.013
0.013
0.017
0.017
0.017
0.017
0.017
0.021
0.021
0.021
0.021
0.021
1.4
1.4
1.4
1.4
1.4
1.4
1.4
1.4
1.4
1.4
1.4
1.4
1.4
1.4
1.4
1.4
1.4
1.4
1.4
1.4
1.4
1.4
1.4
1.4
1.4
1.5
1.5
1.5
1.5
1.5
0.001
0.001
0.001
0.001
0.001
1.5
1.5
1.5
1.5
1.5
1.5
1.5
1.5
1.5
1.5
3
3
3
3
3
1.5
1.5
1.5
1.5
1.5
1.5
1.5
1.5
1.5
1.5
1.5
1.5
1.5
1.5
1.5
1.5
1.5
1.5
1.5
1.5
1.5
1.5
1.5
1.5
1.5
1.1
1.1
1.1
1.1
1.1
1.1
1.1
1.1
1.1
1.1
1.1
1.1
1.1
1.1
1.1
1
1
1
1
1
2
2
2
2
2
2
2
2
2
2
2
2
2
2
2
2
2
2
2
2
2
2
2
2
2
2
2
2
2
2
1.5
1.5
1.5
1.5
1.5
1.6
1.6
1.6
1.6
1.6
2.1
2.1
2.1
2.1
2.1
0.6
0.6
0.6
0.6
0.6
0.6
1
1
1
1
1
1
1
1
1
1
0.2
0.2
0.2
0.2
0.2
1.4
1.4
1.4
1.4
1.4
1.1
1.1
1.1
1.1
1.1
1.9
1.9
1.9
1.9
1.9
1.9
1.9
1.9
1.9
1.9
2
2
2
2
2
2
2
2
2
2
1.9
1.9
1.9
1.9
1.9
1.9
1.9
1.9
1.9
1.9
1.5
1.5
1.5
1.5
1.5
0.4
0.4
0.4
0.4
0.4
2
2
2
2
2
0.7
0.7
0.7
0.7
0.7
0.7
0.7
0.7
0.7
0.7
0.9
0.9
0.9
0.8
0.8
2
2
2
2
1.9
0.1
1.2
1.2
1.2
1.2
1.2
1.3
1.3
1.3
1.3
1.3
0.4
0.6
0.6
0.4
0.4
2
2
2
0.05
0.05
0.05
0.1
0.05
1.8
1.8
1.8
1.8
1.8
1.3
1.3
1.3
1.3
1.3
1.3
1.3
1.3
1.3
1.3
0.001
0.001
0.001
0.001
0.001
0.001
0.001
0.001
0.001
0.001
0.002
0.002
0.002
0.002
0.002
1.3
1.3
1.3
1.3
1.3
1.3
1.3
1.3
1.3
1.3
1.3
1.3
1.3
1.3
1.3
1.4
1.4
1.4
1.4
1.4
1.3
1.3
1.3
1.3
1.3
1.3
1.3
1.3
1.3
1.1
1.1
1.1
1.1
1.1
0.001
0.001
0.001
0.001
0.001
0.001
0.001
0.001
0.001
0.001
1.2
1.2
1.2
1.2
1.2
1.4
1.4
1.4
1.4
1.4
1.4
1.4
1.4
1.4
1.4
0.002
0.002
0.002
0.002
0.002
1.3
1.3
1.3
1.3
1.3
1.4
1.4
1.4
1.4
1.4
1.3
1.3
1.3
1.3
1.3
1.3
1.3
1.3
1.3
1.3
0.001
0.001
0.001
0.001
0.001
1.4
1.4
1.4
1.4
1.4
1.2
1.7
1.6
1.6
1.5
0.5
0.5
0.5
0.5
0.6
0.028
0.8
0.8
0.8
0.8
0.8
0.3
0.3
0.3
0.3
0.3
0.4
0.4
0.3
0.3
0.4
0.5
0.5
0.5
0.5
0.8
0.8
0.8
0.8
0.8
0.2
0.2
0.2
0.2
0.2
1.8
1.8
1.8
1.8
1.8
1.7
1.7
1.7
0.4
0.4
0.4
0.4
0.4
1.1
1.1
1.1
1.1
1.1
0.069
0.069
0.069
0.069
0.069
2.9
2.9
2.9
2.9
2.9
1.9
1.9
1.9
1.9
1.9
1.9
1.9
1.9
1.9
1.9
1.9
1.9
1.9
1.9
1.9
1.9
1.9
1.9
1.9
1.9
1.9
1.9
1.9
1.9
1.9
1.9
1.9
1.9
1.9
1.9
1.9
1.9
1.9
1.9
1.9
1.9
1.9
1.9
1.9
1.9
1.9
1.9
1.9
1.9
1.9
1.9
1.9
1.9
1.9
1.9
3.9
5.1
5.2
5.2
5.2
1.4
1.3
1.4
1.3
0.1
0.9
4.3
4.3
4.5
4.5
4.5
3.2
4.6
1.1
1.1
1.1
0.9
0.8
0.2
3.6
3.6
5.1
5.1
0.2
5.1
2.7
0.7
3.1
3.1
3.1
3.1
3.1
2
2
2
2
2
2
2
2
2
2
2
2
2
2
2
2
2
2
2
2
2
2
2
2
2
4.2
4.2
4.2
4.2
4.2
2
2
2
2
2
2
2
2
2
2
2
2
2
2
2
2
2
2
2
2
4.7
4.7
4.7
4.7
4.7
4.7
4.7
4.7
4.7
4.7
4.7
4.7
4.7
4.7
4.7
4.7
4.7
4.7
4.7
4.7
4.7
4.7
4.7
4.7
4.7
4.7
4.7
4.7
4.7
4.4
4.4
4.4
4.4
4.4
0.3
0.3
0.3
0.3
0.3
0.7
0.7
0.7
0.7
0.7
0.3
0.3
0.3
0.3
0.3
1.4
1.4
1.4
1.4
1.4
0.6
0.6
0.6
0.6
0.6
0.6
0.6
0.6
0.6
0.6
0.6
0.6
0.6
0.6
0.6
0.003
0.003
0.003
0.003
0.003
0.029
0.029
0.029
0.029
0.029
1
1
1
1
1
0.5
0.5
0.5
0.5
0.5
0.4
0.4
0.4
0.4
0.4
1.1
1.1
1.1
1.1
1.1
0.5
0.5
0.5
0.5
0.5
0.5
0.5
0.5
0.5
0.5
0.9
0.9
0.9
0.9
0.9
0.6
0.6
0.6
0.6
0.6
0.2
0.2
0.4
0.4
0.4
0.4
0.4
0.2
0.2
0.2
0.2
0.2
0.7
0.7
0.7
0.7
0.7
0.6
0.6
0.6
0.6
0.6
0.5
0.5
0.5
0.5
0.5
2.7
2.7
2.7
2.7
2.7
3.2
3
3
2.9
2.9
1.6
1.5
1.5
1.5
1.5
0.093
1.7
0.093
1.7
1.5
1.6
1.5
89.7
89.8
89.8
89.8
89.8
0.6
0.5
0.5
0.5
0.6
1.5
1.6
0.3
1.5
91
91
91
91
91
89.9
89.9
89.9
89.9
89.9
3.3
3.3
3.3
3.3
3.3
0.9
0.9
0.9
0.9
0.9
91.5
91.5
91.5
91.5
91.5
90.9
90.9
90.9
90.9
90.9
89.6
89.6
89.6
89.6
89.6
91.1
91.1
91.1
91.1
91.1
91.1
91.1
91.1
91.1
0.5
0.5
0.5
0.5
0.5
91.2
91.2
91.2
91.2
91.2
1.5
1.5
1.5
1.5
1.5
90.1
90.1
90.1
90.1
90.1
3.3
3.3
3.3
3.3
3.3
0.001
0.001
0.001
0.001
0.001
90.5
90.5
90.5
90.5
90.5
89.9
89.9
89.9
89.9
89.9
1.2
1.2
1.2
1.2
1.2
87.5
87.5
87.5
87.5
87.5
87.5
87.5
87.5
87.5
87.5
89.8
0.002
0.015
89.8
89.8
89.8
89.8
89.8
89.8
89.8
5.2
5.2
5.2
5.2
5.2
84.5
84.5
84.5
84.5
84.5
89.8
89.8
89.8
89.8
89.8
0.001
0.001
0.001
0.001
0.001
89.8
89.8
89.8
89.8
89.8
89.8
89.8
89.8
89.8
89.8
89.8
89.8
89.8
89.8
89.8
89.7
89.7
89.7
89.7
89.7
89.7
89.7
89.7
89.7
89.7
89.7
89.7
89.7
89.7
89.7
89.5
89.5
89.5
89.5
89.5
8.2
8.2
8.2
8.2
8.2
85.2
85.2
85.2
85.2
85.2
0.4
0.4
0.4
0.4
88.7
88.7
88.7
88.7
88.7
88.7
88.7
88.7
88.7
88.7
0.001
0.019
0.055
0.055
83.8
0.074
0.074
0.074
83.8
81.7
82.3
81.7
81.7
81.7
82.3
82.3
82.1
82.1
83.7
83.7
83.3
83.5
83.3
83.3
83.3
83.1
0.8
83.7
83.7
83.5
83.3
82.7
0.2
0.2
0.2
83.7
83.7
83.7
1.3
83.5
83.7
83.5
83.5
0.2
82.2
82.2
82.2
82.2
82.2
83.7
83.7
83.7
83.7
83.7
83.7
83.7
83.7
83.7
83.7
83.7
83.7
83.7
83.7
83.7
83.6
83.6
83.6
83.6
83.6
83.6
83.6
83.6
83.6
83.6
83.6
83.6
83.6
83.6
83.6
83.6
83.6
83.6
83.6
83.6
83.6
83.6
83.6
83.6
83.6
83.6
83.6
83.6
83.6
83.6
83.6
83.6
83.6
83.6
83.6
83.6
83.6
83.6
83.6
83.7
83.7
83.7
83.7
83.7
83.2
83.2
83.2
83.2
83.2
83.5
83.5
83.5
83.5
83.5
83.8
83.8
83.8
83.8
83.8
15.6
15.6
15.6
15.6
15.6
67.7
67.7
67.7
67.7
67.7
83.8
83.8
83.8
83.8
83.8
83.4
83.4
83.4
83.4
83.4
83.7
83.7
83.7
83.7
83.7
83.3
83.3
83.3
83.3
83.3
19.6
19.6
19.6
19.6
19.6
63.7
63.7
63.7
63.7
63.7
83.6
83.6
83.6
83.6
83.6
83.5
83.5
83.5
83.5
83.5
83.6
83.6
83.6
83.5
83.5
83.5
83.5
83.5
83.6
83.6
83.6
83.6
83.6
83.6
83.6
83.6
83.6
83.6
83.8
83.8
83.8
83.8
83.8
83
83
83
83
83.7
83.7
83.7
83.7
83.7
27.6
27.6
27.6
27.6
27.6
54
54
54
54
54
83.6
83.6
83.6
83.6
83.6
83.7
83.7
83.7
83.7
83.7
83.7
83.7
83.7
83.7
83.7
83.6
83.6
83.6
83.6
83.6
82.7
82.7
82.7
82.7
82.7
83.6
83.6
83.6
83.6
83.8
83.8
83.8
83.8
83.8
39.6
39.6
39.6
39.6
39.6
53.1
53.1
53.1
53.1
53.1
83.8
83.8
83.8
83.8
83.8
83.3
83.3
83.3
83.3
83.3
38.5
38.5
38.5
38.5
38.5
44.9
44.9
44.9
44.9
44.9
83.5
83.5
83.5
83.5
83.5
83.7
83.7
83.7
83.7
83.7
40.5
40.5
40.5
40.5
40.5
43
43
43
43
43
83.5
83.5
83.5
83.5
83.5
48.4
48.4
48.4
47.3
47.3
47.3
83.6
83.6
83.6
83.6
83.6
83.6
83.6
83.6
83.6
83.6
83.6
83.6
83.6
83.6
83.6
83.8
83.8
83.8
83.8
83.8
83.3
83.6
83.6
83.6
83.6
83.6
83.6
83.6
83.6
83.6
83.6
83.6
83.6
83.6
83.6
83.6
83.6
83.6
83.6
83.6
83.6
83.7
83.7
83.7
83.7
83.7
83.5
83.5
83.5
83.5
83.5
83.6
83.6
83.6
83.6
83.6
83.6
83.6
83.6
83.6
83.6
83.6
83.6
83.6
83.6
83.6
83.6
83.6
83.6
83.6
83.6
83.6
83.6
83.6
83.6
83.6
83.7
83.7
83.7
83.7
83.7
83.6
83.6
83.6
83.6
83.6
83.6
83.6
83.6
83.6
83.6
83.6
83.6
83.6
83.6
83.6
83.6
83.6
83.6
83.6
83.6
83.6
83.6
83.6
83.6
83.6
83.6
83.6
83.6
83.6
83.6
83.6
83.6
83.6
83.6
83.6
83.8
83.8
83.8
83.8
83.8
83.4
83.4
83.4
83.4
83.4
83.6
83.6
83.6
83.6
83.6
83.6
83.6
83.6
83.6
83.6
83.7
83.7
83.7
83.7
83.7
83.6
83.6
83.6
83.6
83.6
83.6
83.6
83.6
83.6
83.6
83.7
83.7
83.7
83.7
83.7
83.7
83.7
83.7
83.7
83.7
81.8
82
82.3
81.6
81.6
0.5
0.2
83.4
83.4
83.6
83.6
83.2
0.2
83.6
83.6
0.9
83.4
0.2
82.9
82.7
82.7
1.2
1.4
0.2
83.6
82.9
83.2
83.6
83.2
83.2
83.2
83.2
83.2
83.6
83.6
83.6
83.6
83.6
83.6
83.6
83.6
83.6
83.6
83.6
83.6
83.6
83.6
83.6
83.6
83.6
83.6
83.6
83.6
83.6
83.6
83.6
83.6
83.6
83.6
83.6
83.8
83.8
83.8
83.8
83.8
83.3
83.3
83.3
83.3
83.3
83.6
83.6
83.6
83.6
83.6
83.6
83.6
83.6
83.6
83.6
83.6
83.6
83.6
83.6
83.6
83.6
70.5
70.5
70.5
70.5
70.5
0.2
0.2
0.2
0.2
0.2
12.5
12.5
12.5
12.5
12.5
79.1
79.1
79.1
79.1
79.2
79.1
79.1
79
79
79
0.2
0.2
0.1
0.2
0.4
0.4
0.4
0.5
0.5
0.2
0.2
0.4
0.4
0.3
0.091
0.4
0.5
0.4
0.2
0.4
0.4
0.6
0.6
0.4
0.4
0.4
0.4
0.4
0.4
0.2
0.6
0.6
0.2
0.6
0.6
0.6
0.6
0.5
0.6
0.6
0.6
0.6
0.6
0.6
0.6
0.2
0.2
0.001
0.001
0.001
0.001
0.001
0.001
0.001
0.001
0.001
0.001
0.001
0.001
0.7
1
0.8
0.9
1
1
1
0.1
0.062
0.062
0.8
0.8
0.8
0.8
0.8
0.001
0.001
0.001
0.001
0.001
0.4
0.4
0.4
0.4
0.4
0.6
0.6
0.6
0.6
0.6
0.6
0.6
0.6
0.6
0.6
0.6
0.6
0.6
0.6
0.6
0.6
0.6
0.6
0.6
0.6
0.6
0.6
0.6
0.6
0.6
0.6
0.6
0.6
0.6
0.6
0.6
0.6
0.6
0.6
0.6
0.6
0.6
0.6
0.3
0.3
0.3
0.3
0.3
0.004
0.004
0.004
0.004
0.004
0.6
0.6
0.6
0.6
0.6
0.6
0.6
0.6
0.6
0.6
0.001
0.001
0.001
0.001
0.001
0.001
0.001
0.001
0.001
0.001
0.002
0.002
0.002
0.002
0.002
0.001
0.001
0.001
0.001
0.001
0.001
0.001
0.001
0.001
0.001
0.2
0.2
0.2
0.2
0.2
0.2
0.2
0.2
0.2
0.3
0.4
0.4
0.5
0.004
0.002
0.002
0.002
0.002
0.002
0.6
0.6
0.004
0.001
0.6
0.005
0.6
0.6
0.6
0.6
0.6
0.004
0.004
0.004
0.004
0.006
0.006
0.006
0.006
0.006
0.6
0.6
0.6
0.6
0.6
0.002
0.002
0.002
0.002
0.002
0.6
0.6
0.6
0.6
0.6
0.001
0.001
0.001
0.001
0.001
0.3
0.3
0.3
0.3
0.3
0.6
0.6
0.6
0.6
0.6
0.6
0.6
0.6
0.6
0.6
0.001
0.001
0.001
0.001
0.001
0.001
0.001
0.001
0.001
0.001
0.2
0.2
0.2
0.2
0.2
0.2
0.2
0.2
0.2
0.002
0.009
0.009
0.009
0.009
0.009
0.6
0.6
0.6
0.6
0.6
0.6
0.6
0.6
0.6
0.6
0.6
0.6
0.6
0.021
0.021
0.021
0.021
0.021
0.008
0.008
0.008
0.008
0.008
0.009
0.009
0.009
0.009
0.009
0.01
0.01
0.01
0.01
0.01
0.01
0.01
0.01
0.01
0.01
0.006
0.006
0.006
0.006
0.006
0.002
0.002
0.002
0.002
0.002
0.002
0.002
0.002
0.002
0.002
0.01
0.01
0.01
0.01
0.01
0.02
0.02
0.02
0.02
0.02
0.1
0.1
0.1
0.1
0.1
0.2
0.2
0.2
0.2
0.2
0.4
0.4
0.4
0.4
0.4
0.5
0.5
0.5
0.5
0.5
0.5
0.5
0.5
0.5
0.5
0.2
0.2
0.2
0.2
0.2
0.2
0.2
0.2
0.2
0.2
0.038
0.038
0.1
0.1
0.1
0.1
0.1
0.2
0.2
0.2
0.2
0.2
0.3
0.3
0.024
0.024
0.024
0.024
0.024
0.2
0.2
0.2
0.2
0.2
0.3
0.3
0.3
0.3
0.3
0.2
0.2
0.2
0.2
0.2
0.064
0.064
0.064
0.064
0.064
0.067
0.067
0.067
0.067
0.067
0.063
0.063
0.063
0.063
0.063
0.073
0.073
0.073
0.073
0.073
0.06
0.06
0.06
0.06
0.06
0.046
0.046
0.046
0.046
0.046
0.065
0.065
0.065
0.065
0.065
0.067
0.067
0.067
0.067
0.067
0.4
0.4
0.4
0.4
0.4
1.6
1.6
1.6
1.6
1.6
1.6
1.6
1.6
1.6
1.6
0.041
0.041
0.041
0.041
0.041
1.4
1.4
1.4
1.4
1.4
0.017
0.017
0.017
0.017
0.017
0.006
0.006
0.006
0.006
0.006
0.001
0.001
0.001
0.001
0.001
0.1
0.1
0.1
0.1
0.1
1.2
1.2
1.2
1.2
1.2
1.3
1.3
1.3
1.3
0.2
0.2
0.2
0.2
0.2
0.001
0.088
0.088
0.088
0.088
0.088
1.1
1.1
1.1
1.1
1.1
1.3
1.3
1.3
1.3
1.3
1.3
1.3
1.3
1.3
1.3
1.3
1.3
1.3
1.3
1.3
1.3
1.3
1.3
1.3
1.3
1.3
1.3
1.3
1.3
1.3
1.3
1.3
1.3
1.3
1.3
1.3
1.3
1.3
1.3
1.3
1.3
1.3
1.3
1.3
1.3
1.3
1.3
1.3
1.3
1.3
1.3
1.3
1.3
1.3
1.4
1.4
1.4
1.4
1.4
0.001
0.001
0.001
0.001
0.001
0.001
0.001
0.001
0.001
0.001
0.001
0.001
0.001
0.001
1.4
1.4
1.4
1.4
1.4
0.001
0.001
0.001
0.001
0.001
0.003
0.003
0.003
0.003
0.003
1.3
1.3
1.3
1.3
1.3
0.007
0.007
0.002
0.002
1.4
1.4
1.4
1.4
1.4
0.001
0.001
0.001
0.001
0.001
1.4
1.4
1.4
1.4
1.4
1.4
1.4
1.4
1.4
1.4
1.4
1.4
0.001
0.001
0.001
0.001
0.001
0.002
0.002
0.002
0.002
0.002
0.001
0.001
0.001
0.001
0.001
1.4
1.4
1.4
1.4
1.4
1.4
1.4
1.4
1.4
1.4
1.4
1.4
1.4
1.4
1.4
1.4
1.4
1.4
1.4
1.4
1.4
1.4
1.4
1.4
1.4
1.4
1.4
1.4
1.4
1.4
1.4
1.4
1.4
1.4
1.4
1.4
1.4
1.4
1.4
1.4
0.01
0.01
0.01
0.01
0.01
0.008
0.008
0.008
0.008
0.008
0.006
0.006
0.006
0.006
0.006
0.008
0.008
0.008
0.008
0.008
0.001
0.001
0.001
0.001
0.001
1.4
1.4
1.4
1.4
1.4
1.4
1.4
1.4
1.4
1.4
0.003
0.003
0.003
0.003
0.003
0.001
0.001
0.001
0.001
0.001
1.4
1.4
1.4
1.4
1.4
1.4
1.4
1.4
1.4
1.4
1.9
1.9
1.9
1.9
1.9
0.5
0.5
0.5
0.5
0.4
0.4
0.4
0.4
0.4
0.9
0.9
0.9
0.9
0.9
0.8
0.8
0.8
0.8
0.8
0.8
0.8
0.8
0.8
0.8
0.8
0.8
0.8
0.8
0.8
0.8
0.8
0.8
3.8
3.8
3.8
3.6
3.6
3.6
3.6
3.6
84.1
84.1
84.1
84.1
84.1
84
84
84
84
84
84
84
84
84
84.1
84.1
84.1
84.1
84.1
84.1
84.1
84.1
84.1
84.1
84.1
84.1
84.2
84.2
84.2
84.2
84.2
80.5
81.1
80.5
80.3
80.3
83.6
83.6
83.6
0.5
0.7
0.7
0.7
0.7
83.6
82.9
82.9
83.7
0.2
83.8
83.8
83.8
83.4
1.4
0.4
83.6
83.6
1.4
83.3
82.8
82.8
82.8
1.1
1.4
74.2
74.2
73.5
73.9
73.9
73.5
83.2
0.2
74.2
82.7
82.7
82.7
82.7
83
82.5
83.6
35.8
0.3
0.3
83.6
83.3
83.3
83.3
83.5
83.5
83.5
83.3
83.3
83
2
2.5
2.1
81.4
83.5
1.4
82
0.5
0.2
0.2
83.6
83.6
83.6
83.6
83.4
2
80.9
80.9
80.9
80.9
81.1
83.6
83.6
83.7
99.1
7.1
7.1
3.2
