0.6
0.6
0.6
0.6
0.6
0.6
0.6
0.6
0.6
0.6
0.7
0.7
0.7
0.7
0.7
0.7
0.029
0.029
0.029
0.029
0.029
0.029
0.029
0.029
0.029
0.029
0.9
0.9
0.9
0.9
0.9
0.9
0.9
0.9
0.9
0.9
1.2
0.4
0.4
0.4
0.4
0.4
0.4
0.4
0.4
0.4
0.4
0.2
0.2
0.2
0.2
0.2
0.2
0.2
0.2
0.2
0.2
0.7
0.3
0.013
0.013
0.013
0.002
0.002
0.5
0.5
0.5
0.5
0.5
0.5
0.5
0.048
0.048
0.048
0.048
0.048
0.048
0.048
0.048
0.048
0.048
0.008
0.008
0.008
0.008
0.6
0.6
0.6
0.6
0.6
0.002
0.002
0.002
0.016
0.3
0.3
0.3
0.015
0.3
0.5
0.2
0.5
0.5
0.3
0.3
0.3
0.008
0.3
0.3
0.5
0.5
0.2
0.01
0.6
0.2
0.3
0.3
0.015
0.3
0.3
0.002
0.01
0.3
0.3
0.3
0.3
0.3
0.3
0.3
0.3
0.013
0.017
0.3
0.3
0.3
0.3
0.3
0.3
0.3
0.3
0.3
0.3
0.037
0.3
0.3
0.3
0.3
0.3
0.3
0.3
0.3
0.3
0.3
0.3
0.3
0.3
0.011
0.011
0.011
0.011
0.011
0.011
0.011
0.011
0.011
0.011
0.008
0.008
0.008
0.008
0.008
0.008
0.008
0.008
0.008
0.008
0.009
0.009
0.009
0.009
0.009
0.009
0.009
0.009
0.009
0.009
0.01
0.01
0.01
0.01
0.01
0.01
0.01
0.01
0.01
0.01
0.011
0.011
0.011
0.011
0.011
0.011
0.011
0.011
0.011
0.011
0.008
0.008
0.008
0.008
0.008
0.008
0.008
0.008
0.008
0.008
0.012
0.012
0.012
0.012
0.012
0.012
0.012
0.012
0.012
0.012
0.011
0.011
0.011
0.011
0.011
0.011
0.011
0.011
0.011
0.011
0.011
0.011
0.011
0.011
0.011
0.011
0.011
0.011
0.011
0.011
0.009
0.009
0.009
0.009
0.009
0.009
0.009
0.009
0.009
0.009
0.01
0.01
0.01
0.01
0.01
0.01
0.01
0.01
0.01
0.01
0.008
0.008
0.008
0.008
0.008
0.008
0.008
0.008
0.008
0.008
0.01
0.01
0.01
0.01
0.01
0.01
0.01
0.01
0.01
0.01
0.01
0.023
0.023
0.023
0.023
0.023
0.023
0.023
0.023
0.023
0.023
0.004
0.004
0.004
0.002
0.002
0.012
0.012
0.012
0.001
0.001
0.001
0.001
0.001
0.001
0.006
0.001
0.001
0.006
0.006
0.006
0.006
0.006
0.006
0.077
0.077
0.077
0.077
0.077
0.077
0.077
0.077
0.077
0.077
0.015
0.015
0.015
0.015
0.015
0.015
0.015
0.015
0.015
0.015
0.015
0.015
0.015
0.015
0.002
0.002
0.002
0.002
0.018
0.028
0.028
0.028
0.028
0.028
0.009
0.009
0.009
0.01
0.01
0.01
0.019
0.03
0.004
0.04
0.001
0.001
0.001
0.001
0.001
0.001
0.001
0.001
0.003
0.003
0.003
0.005
0.005
0.003
0.006
0.003
0.003
0.014
0.02
0.02
0.02
0.042
0.042
0.037
0.003
0.045
0.013
0.015
0.079
0.064
0.024
0.024
0.044
0.044
0.015
0.006
0.004
0.01
0.059
0.031
0.038
0.038
0.038
0.01
0.039
0.011
0.011
0.039
0.015
0.005
0.011
0.036
0.036
0.021
0.038
0.044
0.007
0.038
0.028
0.083
0.014
0.1
0.009
0.065
0.065
0.065
0.065
0.078
0.028
0.01
0.04
0.04
0.011
0.054
0.011
0.043
0.054
0.012
0.06
0.048
0.079
0.079
0.079
0.079
0.079
0.024
0.012
0.055
0.067
0.067
0.067
0.067
0.067
0.001
0.001
0.001
0.001
0.001
0.001
0.001
0.001
0.001
0.001
0.001
0.001
0.001
0.001
0.002
0.002
0.002
0.002
0.002
0.002
0.004
0.004
0.004
0.058
0.003
0.001
0.001
0.001
0.001
0.1
0.2
0.2
0.1
0.2
0.01
0.011
0.011
0.011
0.011
0.011
0.074
0.074
0.074
0.001
0.07
0.2
0.1
0.071
0.071
0.071
0.071
0.071
0.071
0.071
0.071
0.071
0.071
0.071
0.2
0.017
0.4
0.001
0.6
0.4
0.001
0.6
0.4
0.4
0.4
0.4
0.4
0.4
0.4
0.4
0.4
0.4
0.4
0.4
0.001
0.001
0.001
0.001
0.001
0.001
0.001
0.003
0.003
0.003
0.003
0.003
0.003
0.003
0.1
0.1
0.1
0.1
0.1
0.1
0.1
0.1
0.1
0.2
0.091
0.093
0.093
0.002
0.002
0.091
0.091
0.091
0.002
0.002
0.002
0.002
0.003
0.001
0.001
0.001
0.001
0.001
0.001
0.001
