2.8
2.8
2.8
2.8
0.7
0.7
0.7
0.7
2.1
2.1
2.1
2.1
0.9
0.9
0.9
0.9
3.2
3.2
3.2
3.2
0.7
0.7
0.7
0.7
3.4
3.4
3.4
3.4
0.1
0.1
0.1
0.1
0.022
0.022
0.022
0.022
2.3
2.3
2.3
2.3
2.3
2.3
2.3
2.3
1.5
1.5
1.5
1.5
1.5
1.5
1.5
1.5
1.8
1.8
1.8
1.8
1.8
1.8
1.8
0.3
0.3
0.3
0.3
0.3
0.3
0.3
0.3
0.7
0.7
0.7
0.7
0.7
0.7
0.2
0.2
0.2
0.2
0.2
0.2
0.2
0.2
0.4
0.4
0.4
0.4
0.4
0.4
0.4
0.4
1.2
1.2
1.2
1.2
1.2
1.2
1.2
1.2
1.8
1.8
1.8
1.8
1.8
1.8
1.8
2.3
2.3
2.3
2.3
2.3
2.3
2.3
2.3
3.9
3.9
3.9
3.9
3.9
3.9
3.9
3.9
4.5
4.5
4.5
4.5
4.5
4.5
4.6
4.6
4.6
4.6
4.6
4.6
4.6
4.6
2.2
2.2
2.2
2.2
2.2
2.2
2.2
2.2
20.9
20.9
20.9
20.9
0.006
0.006
0.006
0.006
0.001
