18.5119684,73.9235811
18.5119705,73.9235916
18.5119642,73.923578
18.511968,73.9235923
18.5119669,73.92357
18.5119651,73.9235447
18.5119662,73.9235655
18.5119675,73.9235536
18.511961,73.9235791
18.5119672,73.9235571
18.5119665,73.9235359
18.5119578,73.923561
18.5119651,73.9235554
18.5119651,73.9235554
18.5119651,73.9235554
18.5119651,73.9235554
18.5119495,73.923557
18.5119495,73.923557
18.5119495,73.923557
18.5119495,73.923557
18.5119495,73.923557
18.5119495,73.923557
18.5119495,73.923557
18.5119523,73.9235686
18.5119523,73.9235686
18.5119523,73.9235686
18.5119523,73.9235686
18.5119523,73.9235686
18.5119523,73.9235686
18.5119523,73.9235686
18.5119525,73.9235789
18.5119525,73.9235789
18.5119525,73.9235789
18.5119525,73.9235789
18.5119525,73.9235789
18.5119525,73.9235789
18.5119525,73.9235789
18.5119529,73.9235899
18.5119529,73.9235899
18.5119529,73.9235899
18.5119529,73.9235899
18.5119529,73.9235899
18.5119529,73.9235899
18.5119529,73.9235899
18.5119647,73.9235942
18.5119647,73.9235942
18.5119647,73.9235942
18.5119647,73.9235942
18.5119647,73.9235942
18.5119647,73.9235942
18.5119647,73.9235942
18.511968,73.9235839
18.511968,73.9235839
18.511968,73.9235839
18.511968,73.9235839
18.511968,73.9235839
18.511968,73.9235839
18.511968,73.9235839
18.5119626,73.9235747
18.5119626,73.9235747
18.5119626,73.9235747
18.5119626,73.9235747
18.5119626,73.9235747
18.5119626,73.9235747
18.5119626,73.9235747
18.5119544,73.9235545
18.5119544,73.9235545
18.5119544,73.9235545
18.5119544,73.9235545
18.5119544,73.9235545
18.5119544,73.9235545
18.5119544,73.9235545
18.5119368,73.9235522
18.5119368,73.9235522
18.5119368,73.9235522
18.5119368,73.9235522
18.5119368,73.9235522
18.5119368,73.9235522
18.5119368,73.9235522
18.5119474,73.9235591
18.5119474,73.9235591
18.5119474,73.9235591
18.5119474,73.9235591
18.5119474,73.9235591
18.5119474,73.9235591
18.5119474,73.9235591
18.5119615,73.9235808
18.5119615,73.9235808
18.5119615,73.9235808
18.5119615,73.9235808
18.5119615,73.9235808
18.5119615,73.9235808
18.5119615,73.9235808
18.5119653,73.9235675
18.5119653,73.9235675
18.5119653,73.9235675
18.5119653,73.9235675
18.5119653,73.9235675
18.5119653,73.9235675
18.5119653,73.9235675
18.51197,73.9235798
18.51197,73.9235798
18.51197,73.9235798
18.51197,73.9235798
18.51197,73.9235798
18.51197,73.9235798
18.51197,73.9235798
18.5119689,73.9235697
18.5119689,73.9235697
18.5119689,73.9235697
18.5119689,73.9235697
18.5119689,73.9235697
18.5119689,73.9235697
18.5119689,73.9235697
18.5119664,73.9235312
18.5119664,73.9235312
18.5119664,73.9235312
18.5119664,73.9235312
18.5119664,73.9235312
18.5119664,73.9235312
18.5119664,73.9235312
18.5119089,73.9235396
18.5119089,73.9235396
18.5119089,73.9235396
18.5119089,73.9235396
18.5119089,73.9235396
18.5119089,73.9235396
18.5119089,73.9235396
18.5119515,73.9235735
18.5119515,73.9235735
18.5119515,73.9235735
18.5119515,73.9235735
18.5119515,73.9235735
18.5119515,73.9235735
18.5119515,73.9235735
18.511963,73.9235384
18.511963,73.9235384
18.511963,73.9235384
18.511963,73.9235384
18.511963,73.9235384
18.511963,73.9235384
18.511963,73.9235384
18.5119557,73.9235559
18.5119557,73.9235559
18.5119557,73.9235559
18.5119557,73.9235559
18.5119557,73.9235559
18.5119557,73.9235559
18.5119557,73.9235559
18.5119536,73.9235731
18.5119536,73.9235731
18.5119536,73.9235731
18.5119536,73.9235731
18.5119536,73.9235731
18.5119536,73.9235731
18.5119536,73.9235731
18.5119677,73.9235751
18.5119677,73.9235751
18.5119677,73.9235751
18.5119677,73.9235751
18.5119677,73.9235751
18.5119677,73.9235751
18.5119677,73.9235751
18.5119582,73.9235733
18.5119582,73.9235733
18.5119582,73.9235733
18.5119582,73.9235733
18.5119582,73.9235733
18.5119582,73.9235733
18.5119582,73.9235733
18.5119674,73.9235713
18.5119674,73.9235713
18.5119674,73.9235713
18.5119674,73.9235713
18.5119674,73.9235713
18.5119674,73.9235713
18.5119674,73.9235713
18.5119655,73.923593
18.5119655,73.923593
18.5119655,73.923593
18.5119655,73.923593
18.5119655,73.923593
18.5119655,73.923593
18.5119655,73.923593
18.5119747,73.9235925
18.5119747,73.9235925
18.5119747,73.9235925
18.5119747,73.9235925
18.5119747,73.9235925
18.5119747,73.9235925
18.51197,73.9235798
18.51197,73.9235798
18.51197,73.9235798
18.51197,73.9235798
18.51197,73.9235798
18.51197,73.9235798
18.51197,73.9235798
18.5119703,73.9235914
18.5119703,73.9235914
18.5119703,73.9235914
18.5119703,73.9235914
18.5119703,73.9235914
18.5119703,73.9235914
18.5119703,73.9235914
18.5119642,73.9235798
18.5119642,73.9235798
18.5119642,73.9235798
18.5119642,73.9235798
18.5119642,73.9235798
18.5119642,73.9235798
18.5119642,73.9235798
18.5119657,73.9235912
18.5119657,73.9235912
18.5119657,73.9235912
18.5119657,73.9235912
18.5119657,73.9235912
18.5119657,73.9235912
18.5119718,73.923599
18.5119718,73.923599
18.5119718,73.923599
18.5119718,73.923599
18.5119718,73.923599
18.5119718,73.923599
18.5119718,73.923599
18.5119279,73.9235714
18.5119279,73.9235714
18.5119279,73.9235714
18.5119279,73.9235714
18.5119279,73.9235714
18.5119279,73.9235714
18.5119279,73.9235714
18.5119601,73.9235891
18.5119601,73.9235891
18.5119601,73.9235891
18.5119601,73.9235891
18.5119601,73.9235891
18.5119601,73.9235891
18.5119601,73.9235891
18.5119693,73.9235845
18.5119693,73.9235845
18.5119693,73.9235845
18.5119693,73.9235845
18.5119693,73.9235845
18.5119693,73.9235845
18.5119693,73.9235845
18.511913,73.923568
18.511913,73.923568
18.511913,73.923568
18.511913,73.923568
18.511913,73.923568
18.511913,73.923568
18.511913,73.923568
18.5119452,73.9235802
18.5119452,73.9235802
18.5119452,73.9235802
18.5119452,73.9235802
18.5119452,73.9235802
18.5119452,73.9235802
18.5119452,73.9235802
18.5119742,73.9235928
18.5119742,73.9235928
18.5119742,73.9235928
18.5119742,73.9235928
18.5119742,73.9235928
18.5119742,73.9235928
18.5119742,73.9235928
18.5119644,73.9235726
18.5119644,73.9235726
18.5119644,73.9235726
18.5119644,73.9235726
18.5119644,73.9235726
18.5119644,73.9235726
18.5119644,73.9235726
18.5119696,73.9235918
18.5119696,73.9235918
18.5119696,73.9235918
18.5119696,73.9235918
18.5119696,73.9235918
18.5119696,73.9235918
18.5119696,73.9235918
18.5119576,73.9235761
18.5119576,73.9235761
18.5119576,73.9235761
18.5119576,73.9235761
18.5119576,73.9235761
18.5119576,73.9235761
18.5119576,73.9235761
18.5119559,73.9235645
18.5119559,73.9235645
18.5119559,73.9235645
18.5119559,73.9235645
18.5119559,73.9235645
18.5119559,73.9235645
18.5119559,73.9235645
18.5119596,73.923574
18.5119596,73.923574
18.5119596,73.923574
18.5119596,73.923574
18.5119596,73.923574
18.5119596,73.923574
18.5119596,73.923574
18.511958,73.9235851
18.511958,73.9235851
18.511958,73.9235851
18.511958,73.9235851
18.511958,73.9235851
18.511958,73.9235851
18.511958,73.9235851
18.5119661,73.9235946
18.5119661,73.9235946
18.5119661,73.9235946
18.5119661,73.9235946
18.5119661,73.9235946
18.5119661,73.9235946
18.5119661,73.9235946
18.5119683,73.923584
18.5119683,73.923584
18.5119683,73.923584
18.5119683,73.923584
18.5119683,73.923584
18.5119683,73.923584
18.5119683,73.923584
18.5119777,73.923599
18.5119777,73.923599
18.5119777,73.923599
18.5119777,73.923599
18.5119777,73.923599
18.5119777,73.923599
18.5119777,73.923599
18.5119669,73.9236008
18.5119669,73.9236008
18.5119669,73.9236008
18.5119669,73.9236008
18.5119669,73.9236008
18.5119669,73.9236008
18.5119669,73.9236008
18.5119593,73.9235909
18.5119593,73.9235909
18.5119593,73.9235909
18.5119593,73.9235909
18.5119593,73.9235909
18.5119593,73.9235909
18.5119593,73.9235909
18.5119386,73.9235906
18.5119386,73.9235906
18.5119386,73.9235906
18.5119386,73.9235906
18.5119386,73.9235906
18.5119386,73.9235906
18.5119386,73.9235906
18.5119496,73.9235917
18.5119496,73.9235917
18.5119496,73.9235917
18.5119496,73.9235917
18.5119496,73.9235917
18.5119496,73.9235917
18.5119496,73.9235917
18.5119697,73.9236093
18.5119697,73.9236093
18.5119697,73.9236093
18.5119697,73.9236093
18.5119697,73.9236093
18.5119697,73.9236093
18.5119697,73.9236093
18.5119556,73.9236042
18.5119556,73.9236042
18.5119556,73.9236042
18.5119556,73.9236042
18.5119556,73.9236042
18.5119556,73.9236042
18.5119556,73.9236042
18.5119512,73.9235939
18.5119512,73.9235939
18.5119512,73.9235939
18.5119512,73.9235939
18.5119512,73.9235939
18.5119512,73.9235939
18.5119512,73.9235939
18.5119691,73.9235969
18.5119691,73.9235969
18.5119691,73.9235969
18.5119691,73.9235969
18.5119691,73.9235969
18.5119691,73.9235969
18.5119691,73.9235969
18.5119495,73.9235878
18.5119495,73.9235878
18.5119495,73.9235878
18.5119495,73.9235878
18.5119495,73.9235878
18.5119495,73.9235878
18.5119495,73.9235878
18.5119684,73.9235907
18.5119684,73.9235907
18.5119684,73.9235907
18.5119684,73.9235907
18.5119684,73.9235907
18.5119684,73.9235907
18.5119684,73.9235907
18.5119521,73.9235867
18.5119521,73.9235867
18.5119521,73.9235867
18.5119521,73.9235867
18.5119521,73.9235867
18.5119521,73.9235867
18.5119521,73.9235867
18.5119661,73.9235929
18.5119661,73.9235929
18.5119661,73.9235929
18.5119661,73.9235929
18.5119661,73.9235929
18.5119661,73.9235929
18.5119312,73.9235975
18.5119312,73.9235975
18.5119312,73.9235975
18.5119312,73.9235975
18.5119312,73.9235975
18.5119312,73.9235975
18.5119312,73.9235975
18.5119663,73.9235899
18.5119663,73.9235899
18.5119663,73.9235899
18.5119663,73.9235899
18.5119663,73.9235899
18.5119663,73.9235899
18.5119663,73.9235899
18.5119613,73.9235809
18.5119613,73.9235809
18.5119613,73.9235809
18.5119613,73.9235809
18.5119613,73.9235809
18.5119613,73.9235809
18.5119613,73.9235809
18.5119678,73.9235883
18.5119678,73.9235883
18.5119678,73.9235883
18.5119678,73.9235883
18.5119678,73.9235883
18.5119678,73.9235883
18.5119678,73.9235883
18.511976,73.9235929
18.511976,73.9235929
18.511976,73.9235929
18.511976,73.9235929
18.511976,73.9235929
18.511976,73.9235929
18.511976,73.9235929
18.5119539,73.9235963
18.5119539,73.9235963
18.5119539,73.9235963
18.5119539,73.9235963
18.5119539,73.9235963
18.5119539,73.9235963
18.5119539,73.9235963
18.5119577,73.923584
18.5119577,73.923584
18.5119577,73.923584
18.5119577,73.923584
18.5119577,73.923584
18.5119577,73.923584
18.5119577,73.923584
18.5119688,73.9235922
18.5119688,73.9235922
18.5119688,73.9235922
18.5119688,73.9235922
18.5119688,73.9235922
18.5119688,73.9235922
18.5119688,73.9235922
18.5119569,73.923592
18.5119569,73.923592
18.5119569,73.923592
18.5119569,73.923592
18.5119569,73.923592
18.5119569,73.923592
18.5119569,73.923592
18.51197,73.9235798
18.51197,73.9235798
18.51197,73.9235798
18.51197,73.9235798
18.51197,73.9235798
18.51197,73.9235798
18.51197,73.9235798
18.5119714,73.9235908
18.5119714,73.9235908
18.5119714,73.9235908
18.5119714,73.9235908
18.5119714,73.9235908
18.5119714,73.9235908
18.5119714,73.9235908
18.5119595,73.9235921
18.5119595,73.9235921
18.5119595,73.9235921
18.5119595,73.9235921
18.5119595,73.9235921
18.5119595,73.9235921
18.5119595,73.9235921
18.5119714,73.9235957
18.5119714,73.9235957
18.5119714,73.9235957
18.5119714,73.9235957
18.5119714,73.9235957
18.5119714,73.9235957
18.5119714,73.9235957
18.5119588,73.9235932
18.5119588,73.9235932
18.5119588,73.9235932
18.5119588,73.9235932
18.5119588,73.9235932
18.5119588,73.9235932
18.5119588,73.9235932
18.5119706,73.9235955
18.5119706,73.9235955
18.5119706,73.9235955
18.5119706,73.9235955
18.5119706,73.9235955
18.5119706,73.9235955
18.5119706,73.9235955
18.51198,73.9235982
18.51198,73.9235982
18.51198,73.9235982
18.51198,73.9235982
18.51198,73.9235982
18.51198,73.9235982
18.51198,73.9235982
18.5119598,73.9235986
18.5119598,73.9235986
18.5119598,73.9235986
18.5119598,73.9235986
18.5119598,73.9235986
18.5119598,73.9235986
18.5119598,73.9235986
18.5119717,73.9235865
18.5119717,73.9235865
18.5119717,73.9235865
18.5119717,73.9235865
18.5119717,73.9235865
18.5119717,73.9235865
18.5119717,73.9235865
18.5119618,73.9235827
18.5119618,73.9235827
18.5119618,73.9235827
18.5119618,73.9235827
18.5119618,73.9235827
18.5119618,73.9235827
18.5119618,73.9235827
18.5119753,73.9235938
18.5119753,73.9235938
18.5119753,73.9235938
18.5119753,73.9235938
18.5119753,73.9235938
18.5119753,73.9235938
18.5119753,73.9235938
18.511961,73.923589
18.511961,73.923589
18.511961,73.923589
18.511961,73.923589
18.511961,73.923589
18.511961,73.923589
18.511961,73.923589
18.5119705,73.92359
18.5119705,73.92359
18.5119705,73.92359
18.5119705,73.92359
18.5119705,73.92359
18.5119705,73.92359
18.5119705,73.92359
18.5119601,73.9235695
18.5119601,73.9235695
18.5119601,73.9235695
18.5119601,73.9235695
18.5119601,73.9235695
18.5119601,73.9235695
18.5119601,73.9235695
18.5119618,73.9235814
18.5119618,73.9235814
18.5119618,73.9235814
18.5119618,73.9235814
18.5119618,73.9235814
18.5119618,73.9235814
18.5119618,73.9235814
18.5119772,73.923595
18.5119772,73.923595
18.5119772,73.923595
18.5119772,73.923595
18.5119772,73.923595
18.5119772,73.923595
18.5119772,73.923595
18.5119626,73.9235864
18.5119626,73.9235864
18.5119626,73.9235864
18.5119626,73.9235864
18.5119626,73.9235864
18.5119626,73.9235864
18.5119626,73.9235864
18.51197,73.9235798
18.51197,73.9235798
18.51197,73.9235798
18.51197,73.9235798
18.51197,73.9235798
18.51197,73.9235798
18.5119757,73.9235916
18.5119757,73.9235916
18.5119757,73.9235916
18.5119757,73.9235916
18.5119757,73.9235916
18.5119757,73.9235916
18.5119757,73.9235916
18.5119533,73.9235947
18.5119533,73.9235947
18.5119533,73.9235947
18.5119533,73.9235947
18.5119533,73.9235947
18.5119533,73.9235947
18.5119533,73.9235947
18.5119677,73.9235948
18.5119677,73.9235948
18.5119677,73.9235948
18.5119677,73.9235948
18.5119677,73.9235948
18.5119677,73.9235948
18.5119677,73.9235948
18.5119526,73.9235933
18.5119526,73.9235933
18.5119526,73.9235933
18.5119526,73.9235933
18.5119526,73.9235933
18.5119526,73.9235933
18.5119526,73.9235933
18.5119755,73.9235958
18.5119755,73.9235958
18.5119755,73.9235958
18.5119755,73.9235958
18.5119755,73.9235958
18.5119755,73.9235958
18.5119755,73.9235958
18.5119435,73.9235901
18.5119435,73.9235901
18.5119435,73.9235901
18.5119765,73.9235993
18.5119765,73.9235993
18.5119765,73.9235993
18.5119765,73.9235993
18.5119765,73.9235993
18.5119765,73.9235993
18.5119765,73.9235993
18.511968,73.92359
18.511968,73.92359
18.511968,73.92359
18.511968,73.92359
18.511968,73.92359
18.511968,73.92359
18.511968,73.92359
18.51197,73.9235798
18.51197,73.9235798
18.51197,73.9235798
18.5119727,73.9235944
18.5119727,73.9235944
18.5119727,73.9235944
18.5119727,73.9235944
18.5119727,73.9235944
18.5119727,73.9235944
18.5119727,73.9235944
18.5119613,73.9235907
18.5119613,73.9235907
18.5119613,73.9235907
18.5119613,73.9235907
18.5119613,73.9235907
18.5119613,73.9235907
18.5119613,73.9235907
18.511959,73.9235811
18.511959,73.9235811
18.511959,73.9235811
18.511959,73.9235811
18.511959,73.9235811
18.511959,73.9235811
18.511959,73.9235811
18.511972,73.9235869
18.511972,73.9235869
18.511972,73.9235869
18.511972,73.9235869
18.511972,73.9235869
18.511972,73.9235869
18.511972,73.9235869
18.5119586,73.9235897
18.5119586,73.9235897
18.5119586,73.9235897
18.5119586,73.9235897
18.5119586,73.9235897
18.5119586,73.9235897
18.5119586,73.9235897
18.5119697,73.9235877
18.5119697,73.9235877
18.5119697,73.9235877
18.5119697,73.9235877
18.5119697,73.9235877
18.5119697,73.9235877
18.5119697,73.9235877
18.5119743,73.9235964
18.5119743,73.9235964
18.5119743,73.9235964
18.5119743,73.9235964
18.5119743,73.9235964
18.5119743,73.9235964
18.5119743,73.9235964
18.5119394,73.9235585
18.5119394,73.9235585
18.5119394,73.9235585
18.5119394,73.9235585
18.5119394,73.9235585
18.5119394,73.9235585
18.5119608,73.9235776
18.5119608,73.9235776
18.5119608,73.9235776
18.5119608,73.9235776
18.5119608,73.9235776
18.5119608,73.9235776
18.5119608,73.9235776
18.5119442,73.9235474
18.5119442,73.9235474
18.5119442,73.9235474
18.5119442,73.9235474
18.5119442,73.9235474
18.5119442,73.9235474
18.5119442,73.9235474
18.5119383,73.9236007
18.5119383,73.9236007
18.5119383,73.9236007
18.5119383,73.9236007
18.5119383,73.9236007
18.5119383,73.9236007
18.5119383,73.9236007
18.5119637,73.9236019
18.5119637,73.9236019
18.5119637,73.9236019
18.5119637,73.9236019
18.5119637,73.9236019
18.5119637,73.9236019
18.5119637,73.9236019
18.5119568,73.9235944
18.5119568,73.9235944
18.5119568,73.9235944
18.5119568,73.9235944
18.5119568,73.9235944
18.5119568,73.9235944
18.5119568,73.9235944
18.5119661,73.9235936
18.5119661,73.9235936
18.5119661,73.9235936
18.5119661,73.9235936
18.5119661,73.9235936
18.5119661,73.9235936
18.5119661,73.9235936
18.5119074,73.9235503
18.5119074,73.9235503
18.5119074,73.9235503
18.5119074,73.9235503
18.5119074,73.9235503
18.5119074,73.9235503
18.5119074,73.9235503
18.5119364,73.9235662
18.5119364,73.9235662
18.5119364,73.9235662
18.5119364,73.9235662
18.5119364,73.9235662
18.5119364,73.9235662
18.5119364,73.9235662
18.51197,73.9235798
18.51197,73.9235798
18.51197,73.9235798
18.51197,73.9235798
18.51197,73.9235798
18.51197,73.9235798
18.51197,73.9235798
18.5119684,73.9235932
18.5119684,73.9235932
18.5119684,73.9235932
18.5119684,73.9235932
18.5119684,73.9235932
18.5119684,73.9235932
18.5119684,73.9235932
18.5119601,73.9236063
18.5119601,73.9236063
18.5119601,73.9236063
18.5119601,73.9236063
18.5119601,73.9236063
18.5119601,73.9236063
18.5119601,73.9236063
18.5119681,73.9236014
18.5119681,73.9236014
18.5119681,73.9236014
18.5119681,73.9236014
18.5119681,73.9236014
18.5119681,73.9236014
18.5119681,73.9236014
18.5119657,73.9235917
18.5119657,73.9235917
18.5119657,73.9235917
18.5119657,73.9235917
18.5119657,73.9235917
18.5119657,73.9235917
18.5119657,73.9235917
18.5119664,73.923582
18.5119664,73.923582
18.5119664,73.923582
18.5119664,73.923582
18.5119664,73.923582
18.5119664,73.923582
18.5119664,73.923582
18.5119731,73.9235922
18.5119731,73.9235922
18.5119731,73.9235922
18.5119731,73.9235922
18.5119731,73.9235922
18.5119731,73.9235922
18.5119731,73.9235922
18.511957,73.9235891
18.511957,73.9235891
18.511957,73.9235891
18.511957,73.9235891
18.511957,73.9235891
18.511957,73.9235891
18.511957,73.9235891
18.5119664,73.9235937
18.5119664,73.9235937
18.5119664,73.9235937
18.5119664,73.9235937
18.5119664,73.9235937
18.5119664,73.9235937
18.5119664,73.9235937
18.5119747,73.9235881
18.5119747,73.9235881
18.5119747,73.9235881
18.5119799,73.923598
18.5119799,73.923598
18.5119799,73.923598
18.5119799,73.923598
18.5119799,73.923598
18.5119799,73.923598
18.5119799,73.923598
18.511959,73.9235781
18.511959,73.9235781
18.511959,73.9235781
18.511959,73.9235781
18.511959,73.9235781
18.511959,73.9235781
18.511959,73.9235781
18.511968,73.9235894
18.511968,73.9235894
18.511968,73.9235894
18.511968,73.9235894
18.511968,73.9235894
18.511968,73.9235894
18.511968,73.9235894
18.5119772,73.9235941
18.5119772,73.9235941
18.5119621,73.9235841
18.5119621,73.9235841
18.5119621,73.9235841
18.5119621,73.9235841
18.5119621,73.9235841
18.5119621,73.9235841
18.5119747,73.9235917
18.5119747,73.9235917
18.5119747,73.9235917
18.5119747,73.9235917
18.5119747,73.9235917
18.5119747,73.9235917
18.5119747,73.9235917
18.5119596,73.9235702
18.5119596,73.9235702
18.5119596,73.9235702
18.5119596,73.9235702
18.5119596,73.9235702
18.5119596,73.9235702
18.5119596,73.9235702
18.51197,73.9235798
18.51197,73.9235798
18.51197,73.9235798
18.51197,73.9235798
18.51197,73.9235798
18.51197,73.9235798
18.51197,73.9235798
18.5119573,73.9235844
18.5119573,73.9235844
18.5119573,73.9235844
18.5119573,73.9235844
18.5119573,73.9235844
18.5119573,73.9235844
18.5119573,73.9235844
18.51197,73.9235798
18.51197,73.9235798
18.51197,73.9235798
18.51197,73.9235798
18.51197,73.9235798
18.51197,73.9235798
18.51197,73.9235798
18.5119703,73.9235665
18.5119703,73.9235665
18.5119703,73.9235665
18.5119703,73.9235665
18.5119703,73.9235665
18.5119703,73.9235665
18.5119703,73.9235665
18.51197,73.9235798
18.51197,73.9235798
18.51197,73.9235798
18.51197,73.9235798
18.51197,73.9235798
18.51197,73.9235798
18.51197,73.9235798
18.5119776,73.923586
18.5119776,73.923586
18.5119776,73.923586
18.5119776,73.923586
18.5119776,73.923586
18.5119776,73.923586
18.5119685,73.9235762
18.5119685,73.9235762
18.5119685,73.9235762
18.5119685,73.9235762
18.5119685,73.9235762
18.5119685,73.9235762
18.511983,73.9235744
18.511983,73.9235744
18.511983,73.9235744
18.511983,73.9235744
18.511983,73.9235744
18.511983,73.9235744
18.511983,73.9235744
18.5119762,73.9235844
18.5119762,73.9235844
18.5119762,73.9235844
18.5119762,73.9235844
18.5119762,73.9235844
18.5119762,73.9235844
18.5119762,73.9235844
18.5119756,73.923594
18.5119756,73.923594
18.5119756,73.923594
18.5119756,73.923594
18.5119756,73.923594
18.5119756,73.923594
18.5119756,73.923594
18.5119635,73.9235826
18.5119635,73.9235826
18.5119635,73.9235826
18.5119635,73.9235826
18.5119635,73.9235826
18.5119635,73.9235826
18.5119635,73.9235826
18.5119686,73.9235938
18.5119686,73.9235938
18.5119686,73.9235938
18.5119686,73.9235938
18.5119686,73.9235938
18.5119686,73.9235938
18.5119686,73.9235938
18.5119582,73.9235886
18.5119582,73.9235886
18.5119582,73.9235886
18.5119582,73.9235886
18.5119582,73.9235886
18.5119582,73.9235886
18.5119582,73.9235886
18.511969,73.9235958
18.511969,73.9235958
18.511969,73.9235958
18.511969,73.9235958
18.511969,73.9235958
18.511969,73.9235958
18.511969,73.9235958
18.5119459,73.9235645
18.5119459,73.9235645
18.5119459,73.9235645
18.5119459,73.9235645
18.5119459,73.9235645
18.5119459,73.9235645
18.5119459,73.9235645
18.511955,73.9235679
18.511955,73.9235679
18.511955,73.9235679
18.511955,73.9235679
18.511955,73.9235679
18.511955,73.9235679
18.511955,73.9235679
18.5119655,73.9235694
18.5119655,73.9235694
18.5119655,73.9235694
18.5119655,73.9235694
18.5119655,73.9235694
18.5119655,73.9235694
18.5119655,73.9235694
18.5119762,73.9235718
18.5119762,73.9235718
18.5119762,73.9235718
18.5119762,73.9235718
18.5119762,73.9235718
18.5119762,73.9235718
18.5119762,73.9235718
18.5119675,73.923568
18.5119675,73.923568
18.5119675,73.923568
18.5119675,73.923568
18.5119675,73.923568
18.5119675,73.923568
18.5119675,73.923568
18.5119742,73.9235839
18.5119742,73.9235839
18.5119742,73.9235839
18.5119742,73.9235839
18.5119742,73.9235839
18.5119742,73.9235839
18.5119742,73.9235839
18.5119733,73.923594
18.5119733,73.923594
18.5119733,73.923594
18.5119733,73.923594
18.5119733,73.923594
18.5119733,73.923594
18.5119733,73.923594
18.5119653,73.9235871
18.5119653,73.9235871
18.5119653,73.9235871
18.5119653,73.9235871
18.5119653,73.9235871
18.5119653,73.9235871
18.5119653,73.9235871
18.5119707,73.9235781
18.5119707,73.9235781
18.5119707,73.9235781
18.5119707,73.9235781
18.5119707,73.9235781
18.5119707,73.9235781
18.5119707,73.9235781
18.5119729,73.923565
18.5119729,73.923565
18.5119729,73.923565
18.5119729,73.923565
18.5119729,73.923565
18.5119729,73.923565
18.5119729,73.923565
18.51197,73.9235798
18.51197,73.9235798
18.51197,73.9235798
18.5119588,73.9235888
18.5119588,73.9235888
18.5119588,73.9235888
18.5119588,73.9235888
18.5119588,73.9235888
18.5119588,73.9235888
18.5119588,73.9235888
18.5119768,73.9235928
18.5119768,73.9235928
18.5119768,73.9235928
18.5119768,73.9235928
18.5119768,73.9235928
18.5119768,73.9235928
18.5119768,73.9235928
18.5119713,73.9235526
18.5119713,73.9235526
18.5119713,73.9235526
18.5119713,73.9235526
18.5119713,73.9235526
18.5119713,73.9235526
18.5119713,73.9235526
18.5119719,73.9235639
18.5119719,73.9235639
18.5119719,73.9235639
18.5119719,73.9235639
18.5119719,73.9235639
18.5119719,73.9235639
18.5119719,73.9235639
18.5119704,73.9235781
18.5119704,73.9235781
18.5119704,73.9235781
18.5119704,73.9235781
18.5119704,73.9235781
18.5119704,73.9235781
18.5119704,73.9235781
18.5119608,73.9235825
18.5119608,73.9235825
18.5119608,73.9235825
18.5119608,73.9235825
18.5119608,73.9235825
18.5119608,73.9235825
18.5119608,73.9235825
18.5119681,73.9235886
18.5119681,73.9235886
18.5119681,73.9235886
18.5119681,73.9235886
18.5119681,73.9235886
18.5119681,73.9235886
18.5119681,73.9235886
18.511961,73.9235824
18.511961,73.9235824
18.511961,73.9235824
18.511961,73.9235824
18.511961,73.9235824
18.511961,73.9235824
18.511961,73.9235824
18.5119695,73.9235944
18.5119695,73.9235944
18.5119695,73.9235944
18.5119695,73.9235944
18.5119695,73.9235944
18.5119695,73.9235944
18.5119722,73.9235852
18.5119722,73.9235852
18.5119722,73.9235852
18.5119722,73.9235852
18.5119722,73.9235852
18.5119722,73.9235852
18.5119722,73.9235852
18.5119642,73.9235943
18.5119642,73.9235943
18.5119642,73.9235943
18.5119642,73.9235943
18.5119642,73.9235943
18.5119642,73.9235943
18.5119642,73.9235943
18.5119744,73.9235981
18.5119744,73.9235981
18.5119744,73.9235981
18.5119744,73.9235981
18.5119744,73.9235981
18.5119744,73.9235981
18.5119744,73.9235981
18.5119727,73.9235818
18.5119727,73.9235818
18.5119727,73.9235818
18.5119727,73.9235818
18.5119727,73.9235818
18.5119727,73.9235818
18.5119727,73.9235818
18.5119631,73.9235821
18.5119631,73.9235821
18.5119631,73.9235821
18.5119631,73.9235821
18.5119631,73.9235821
18.5119631,73.9235821
18.5119631,73.9235821
18.5119733,73.9235705
18.5119733,73.9235705
18.5119733,73.9235705
18.5119733,73.9235705
18.5119733,73.9235705
18.5119733,73.9235705
18.5119733,73.9235705
18.5119752,73.9235813
18.5119752,73.9235813
18.5119752,73.9235813
18.5119752,73.9235813
18.5119752,73.9235813
18.5119752,73.9235813
18.5119752,73.9235813
18.5119634,73.9235749
18.5119634,73.9235749
18.5119634,73.9235749
18.5119634,73.9235749
18.5119634,73.9235749
18.5119634,73.9235749
18.5119634,73.9235749
18.5119701,73.9235663
18.5119701,73.9235663
18.5119701,73.9235663
18.5119701,73.9235663
18.5119701,73.9235663
18.5119701,73.9235663
18.5119701,73.9235663
18.51197,73.9235798
18.51197,73.9235798
18.51197,73.9235798
18.51197,73.9235798
18.51197,73.9235798
18.51197,73.9235798
18.51197,73.9235798
18.5119808,73.9235721
18.5119808,73.9235721
18.5119808,73.9235721
18.5119808,73.9235721
18.5119808,73.9235721
18.5119808,73.9235721
18.5119712,73.9235733
18.5119712,73.9235733
18.5119712,73.9235733
18.5119712,73.9235733
18.5119712,73.9235733
18.5119712,73.9235733
18.5119712,73.9235733
18.5119811,73.9235809
18.5119811,73.9235809
18.5119811,73.9235809
18.5119811,73.9235809
18.5119811,73.9235809
18.5119811,73.9235809
18.5119811,73.9235809
18.5119669,73.9235813
18.5119669,73.9235813
18.5119669,73.9235813
18.5119669,73.9235813
18.5119669,73.9235813
18.5119669,73.9235813
18.5119669,73.9235813
18.5119513,73.9235978
18.5119513,73.9235978
18.5119513,73.9235978
18.5119513,73.9235978
18.5119513,73.9235978
18.5119513,73.9235978
18.5119513,73.9235978
18.5119674,73.9235939
18.5119674,73.9235939
18.5119674,73.9235939
18.5119674,73.9235939
18.5119674,73.9235939
18.5119674,73.9235939
18.5119674,73.9235939
18.5119498,73.9235955
18.5119498,73.9235955
18.5119498,73.9235955
18.5119498,73.9235955
18.5119498,73.9235955
18.5119498,73.9235955
18.5119498,73.9235955
18.5119547,73.9236074
18.5119689,73.9235932
18.5119689,73.9235932
18.5119689,73.9235932
18.5119689,73.9235932
18.5119372,73.9235393
18.5119372,73.9235393
18.5119372,73.9235393
18.5119372,73.9235393
18.5119372,73.9235393
18.5119372,73.9235393
18.5119372,73.9235393
18.5119627,73.9236193
18.5119627,73.9236193
18.5119627,73.9236193
18.5119627,73.9236193
18.5119627,73.9236193
18.5119627,73.9236193
18.5119627,73.9236193
18.511966,73.9235892
18.511966,73.9235892
18.511966,73.9235892
18.511966,73.9235892
18.511966,73.9235892
18.511966,73.9235892
18.511966,73.9235892
18.5119766,73.9235944
18.5119766,73.9235944
18.5119766,73.9235944
18.5119766,73.9235944
18.5119766,73.9235944
18.5119766,73.9235944
18.5119766,73.9235944
18.5119467,73.9235892
18.5119467,73.9235892
18.5119467,73.9235892
18.5119467,73.9235892
18.5119467,73.9235892
18.5119467,73.9235892
18.5119467,73.9235892
18.5119757,73.9235935
18.5119757,73.9235935
18.5119619,73.9235862
18.5119619,73.9235862
18.5119619,73.9235862
18.5119619,73.9235862
18.5119619,73.9235862
18.5119619,73.9235862
18.5119619,73.9235862
18.5119703,73.9235931
18.5119703,73.9235931
18.5119703,73.9235931
18.5119703,73.9235931
18.5119703,73.9235931
18.5119703,73.9235931
18.5119703,73.9235931
18.5118823,73.9235753
18.5118823,73.9235753
18.5118823,73.9235753
18.5118823,73.9235753
18.5118823,73.9235753
18.5118823,73.9235753
18.5119193,73.9235807
18.5119193,73.9235807
18.5119193,73.9235807
18.5119193,73.9235807
18.5119193,73.9235807
18.5119193,73.9235807
18.5119193,73.9235807
18.5119391,73.923588
18.5119391,73.923588
18.5119391,73.923588
18.5119391,73.923588
18.5119391,73.923588
18.5119391,73.923588
18.5119391,73.923588
18.5119582,73.9235945
18.5119582,73.9235945
18.5119582,73.9235945
18.5119582,73.9235945
18.5119582,73.9235945
18.5119582,73.9235945
18.5119582,73.9235945
18.5119506,73.9235855
18.5119506,73.9235855
18.5119506,73.9235855
18.5119506,73.9235855
18.5119506,73.9235855
18.5119506,73.9235855
18.5119506,73.9235855
18.5119688,73.9235842
18.5119688,73.9235842
18.5119688,73.9235842
18.5119688,73.9235842
18.5119688,73.9235842
18.5119688,73.9235842
18.5119688,73.9235842
18.5118911,73.9235993
18.5118911,73.9235993
18.5118911,73.9235993
18.5118911,73.9235993
18.5118911,73.9235993
18.5118911,73.9235993
18.5118911,73.9235993
18.5118942,73.9235825
18.5118942,73.9235825
18.5118942,73.9235825
18.5119429,73.9235874
18.5119429,73.9235874
18.5119429,73.9235874
18.5119429,73.9235874
18.5119429,73.9235874
18.5119429,73.9235874
18.5119429,73.9235874
18.5119167,73.9235957
18.5119167,73.9235957
18.5119167,73.9235957
18.5119167,73.9235957
18.5119167,73.9235957
18.5119167,73.9235957
18.5119167,73.9235957
18.5118765,73.9235816
18.5118765,73.9235816
18.5118765,73.9235816
18.5118765,73.9235816
18.5118765,73.9235816
18.5118765,73.9235816
18.5118765,73.9235816
18.5119183,73.9235862
18.5119183,73.9235862
18.5119183,73.9235862
18.5119183,73.9235862
18.5119183,73.9235862
18.5119183,73.9235862
18.5119183,73.9235862
18.5119509,73.9236132
18.5119509,73.9236132
18.5119509,73.9236132
18.5119509,73.9236132
18.5119509,73.9236132
18.5119509,73.9236132
18.5119509,73.9236132
18.5118829,73.9235756
18.5118829,73.9235756
18.5118829,73.9235756
18.5118829,73.9235756
18.5118829,73.9235756
18.5118829,73.9235756
18.5118829,73.9235756
18.5119412,73.9235917
18.5119412,73.9235917
18.5119412,73.9235917
18.5119412,73.9235917
18.5119412,73.9235917
18.5119412,73.9235917
18.5119412,73.9235917
18.5119647,73.9235848
18.5119647,73.9235848
18.5119647,73.9235848
18.5119647,73.9235848
18.5119647,73.9235848
18.5119647,73.9235848
18.5119647,73.9235848
18.5119231,73.9235272
18.5119231,73.9235272
18.5119231,73.9235272
18.5119231,73.9235272
18.5119231,73.9235272
18.5119231,73.9235272
18.5119034,73.9235279
18.5118665,73.9234691
18.5118665,73.9234691
18.5118665,73.9234691
18.5118665,73.9234691
18.5118665,73.9234691
18.5118665,73.9234691
18.5118665,73.9234691
18.5119261,73.923559
18.5119261,73.923559
18.5119261,73.923559
18.5119261,73.923559
18.5119261,73.923559
18.5119261,73.923559
18.5119261,73.923559
18.5118815,73.9235113
18.5118815,73.9235113
18.5118815,73.9235113
18.5118719,73.9235106
18.5118719,73.9235106
18.5118719,73.9235106
18.5118719,73.9235106
18.5118719,73.9235106
18.5118719,73.9235106
18.5118719,73.9235106
18.5119503,73.9236081
18.5119503,73.9236081
18.5119503,73.9236081
18.5119503,73.9236081
18.5119503,73.9236081
18.5119503,73.9236081
18.5119503,73.9236081
18.5119351,73.9235988
18.5119351,73.9235988
18.5119351,73.9235988
18.5119351,73.9235988
18.5119351,73.9235988
18.5119351,73.9235988
18.5119351,73.9235988
18.5119386,73.9235889
18.5119386,73.9235889
18.5119386,73.9235889
18.5119386,73.9235889
18.5119386,73.9235889
18.5119386,73.9235889
18.5119386,73.9235889
18.5119335,73.923579
18.5119335,73.923579
18.5119335,73.923579
18.5119335,73.923579
18.5119335,73.923579
18.5119335,73.923579
18.5119335,73.923579
18.5119273,73.9235689
18.5119273,73.9235689
18.5119273,73.9235689
18.5119273,73.9235689
18.5119273,73.9235689
18.5119273,73.9235689
18.5119398,73.9235775
18.5119398,73.9235775
18.5119398,73.9235775
18.5119398,73.9235775
18.5119398,73.9235775
18.5119398,73.9235775
18.5119526,73.9235674
18.5119526,73.9235674
18.5119526,73.9235674
18.5119526,73.9235674
18.5119526,73.9235674
18.5119526,73.9235674
18.5119489,73.923558
18.5119489,73.923558
18.5119489,73.923558
18.5119489,73.923558
18.5119489,73.923558
18.5119489,73.923558
18.5119489,73.923558
18.5119531,73.9235732
18.5119531,73.9235732
18.5119531,73.9235732
18.5119531,73.9235732
18.5119449,73.9235684
18.5119449,73.9235684
18.5119449,73.9235684
18.5119449,73.9235684
18.5119449,73.9235684
18.5119449,73.9235684
18.5119449,73.9235684
18.511928,73.9235643
18.511928,73.9235643
18.511928,73.9235643
18.511928,73.9235643
18.511928,73.9235643
18.511928,73.9235643
18.511928,73.9235643
18.5119228,73.9235473
18.5119228,73.9235473
18.5119228,73.9235473
18.5119228,73.9235473
18.5119228,73.9235473
18.5119228,73.9235473
18.511938,73.9235632
18.511938,73.9235632
18.511938,73.9235632
18.511938,73.9235632
18.511938,73.9235632
18.511938,73.9235632
18.511938,73.9235632
18.5119276,73.9235633
18.5119276,73.9235633
18.5119276,73.9235633
18.5119276,73.9235633
18.5119276,73.9235633
18.5119276,73.9235633
18.5119276,73.9235633
18.511904,73.9235349
18.511904,73.9235349
18.511904,73.9235349
18.511904,73.9235349
18.511904,73.9235349
18.511904,73.9235349
18.511904,73.9235349
18.5119232,73.9235581
18.5119232,73.9235581
18.5119232,73.9235581
18.5119232,73.9235581
18.5119232,73.9235581
18.5119232,73.9235581
18.5119232,73.9235581
18.5118556,73.9234949
18.5118556,73.9234949
18.5118556,73.9234949
18.5118556,73.9234949
18.5118556,73.9234949
18.5118556,73.9234949
18.5118556,73.9234949
18.5118917,73.923525
18.5118917,73.923525
18.5118917,73.923525
18.5118917,73.923525
18.5118917,73.923525
18.5118917,73.923525
18.5118917,73.923525
18.5118877,73.9235063
18.5118877,73.9235063
18.5118877,73.9235063
18.5118877,73.9235063
18.5118877,73.9235063
18.5118877,73.9235063
18.5118719,73.923477
18.5118719,73.923477
18.5118719,73.923477
18.5118719,73.923477
18.5118719,73.923477
18.5118719,73.923477
18.51197,73.9235798
18.51197,73.9235798
18.51197,73.9235798
18.51197,73.9235798
18.51197,73.9235798
18.51197,73.9235798
18.51197,73.9235798
18.5119659,73.9235978
18.5119659,73.9235978
18.5119659,73.9235978
18.5119659,73.9235978
18.5119659,73.9235978
18.5119659,73.9235978
18.5119659,73.9235978
18.5119368,73.9235818
18.5119368,73.9235818
18.5119368,73.9235818
18.5119368,73.9235818
18.5119473,73.923583
18.5119473,73.923583
18.5119473,73.923583
18.5119473,73.923583
18.5119473,73.923583
18.5119473,73.923583
18.5119473,73.923583
18.511943,73.9235661
18.511943,73.9235661
18.511943,73.9235661
18.511943,73.9235661
18.511943,73.9235661
18.5119245,73.9235372
18.5119245,73.9235372
18.5119245,73.9235372
18.5119245,73.9235372
18.5119352,73.9235449
18.5119352,73.9235449
18.5119352,73.9235449
18.511942,73.9235512
18.511942,73.9235512
18.511942,73.9235512
18.511942,73.9235512
18.511942,73.9235512
18.511942,73.9235512
18.511942,73.9235512
18.5119509,73.9235667
18.5119509,73.9235667
18.5119509,73.9235667
18.5119509,73.9235667
18.5119509,73.9235667
18.5119509,73.9235667
18.5119509,73.9235667
18.5119411,73.9235428
18.5119411,73.9235428
18.5119411,73.9235428
18.5119411,73.9235428
18.5119411,73.9235428
18.5119411,73.9235428
18.5119411,73.9235428
18.5119367,73.9235304
18.5119367,73.9235304
18.5119367,73.9235304
18.5119367,73.9235304
18.5119367,73.9235304
18.5119367,73.9235304
18.5119367,73.9235304
18.5119407,73.9235466
18.5119407,73.9235466
18.5119407,73.9235466
18.5119407,73.9235466
18.5119407,73.9235466
18.5119504,73.923557
18.5119504,73.923557
18.5119504,73.923557
18.5119504,73.923557
18.5119504,73.923557
18.5119504,73.923557
18.5119504,73.923557
18.5119398,73.9235491
18.5119398,73.9235491
18.5119398,73.9235491
18.5119398,73.9235491
18.5119398,73.9235491
18.5119398,73.9235491
18.5119398,73.9235491
18.5119317,73.9235678
18.5119317,73.9235678
18.5119317,73.9235678
18.5119317,73.9235678
18.5119317,73.9235678
18.5119317,73.9235678
18.5119317,73.9235678
18.5118874,73.92352
18.5118874,73.92352
18.5118874,73.92352
18.5118874,73.92352
18.5118874,73.92352
18.5118874,73.92352
18.5118874,73.92352
18.5119096,73.9235131
18.5119096,73.9235131
18.5119096,73.9235131
18.5119096,73.9235131
18.5119096,73.9235131
18.5119096,73.9235131
18.5119096,73.9235131
18.5119265,73.923544
18.5119265,73.923544
18.5119265,73.923544
18.5119265,73.923544
18.5119265,73.923544
18.5119265,73.923544
18.5119265,73.923544
18.5119349,73.9235513
18.5119349,73.9235513
18.5119349,73.9235513
18.5119349,73.9235513
18.5119349,73.9235513
18.5119349,73.9235513
18.5119349,73.9235513
18.5119454,73.9235602
18.5119454,73.9235602
18.5119454,73.9235602
18.5119454,73.9235602
18.5119454,73.9235602
18.5119454,73.9235602
18.5119454,73.9235602
18.5119416,73.9235414
18.5119416,73.9235414
18.5119416,73.9235414
18.5119416,73.9235414
18.5119416,73.9235414
18.5119416,73.9235414
18.5119416,73.9235414
18.511931,73.9235275
18.511931,73.9235275
18.511931,73.9235275
18.511931,73.9235275
18.511931,73.9235275
18.511931,73.9235275
18.511931,73.9235275
18.5119271,73.923547
18.5119271,73.923547
18.5119271,73.923547
18.5119271,73.923547
18.5119271,73.923547
18.5119271,73.923547
18.5119271,73.923547
18.5119345,73.9235401
18.5119345,73.9235401
18.5119345,73.9235401
18.5119345,73.9235401
18.5119345,73.9235401
18.5119345,73.9235401
18.5119345,73.9235401
18.5119366,73.9235118
18.5119366,73.9235118
18.5119366,73.9235118
18.5119366,73.9235118
18.5119366,73.9235118
18.5119366,73.9235118
18.5119366,73.9235118
18.5119636,73.9235546
18.5119636,73.9235546
18.5119636,73.9235546
18.5119636,73.9235546
18.5119636,73.9235546
18.5119636,73.9235546
18.5119636,73.9235546
18.5119717,73.923568
18.5119717,73.923568
18.5119717,73.923568
18.5119717,73.923568
18.5119717,73.923568
18.5119717,73.923568
18.5119717,73.923568
18.5119586,73.9235715
18.5119586,73.9235715
18.5119586,73.9235715
18.5119586,73.9235715
18.5119586,73.9235715
18.5119586,73.9235715
18.5119586,73.9235715
18.5119642,73.9235822
18.5119669,73.9235923
18.5119669,73.9235923
18.51197,73.9235798
18.51197,73.9235798
18.51197,73.9235798
18.51197,73.9235798
18.51197,73.9235798
18.51197,73.9235798
18.51197,73.9235798
18.5119631,73.9235868
18.5119631,73.9235868
18.5119631,73.9235868
18.5119631,73.9235868
18.5119631,73.9235868
18.5119518,73.9235785
18.5119518,73.9235785
18.5119518,73.9235785
18.5119518,73.9235785
18.5119518,73.9235785
18.5119518,73.9235785
18.5119518,73.9235785
18.5119598,73.9235849
18.5119598,73.9235849
18.5119598,73.9235849
18.5119598,73.9235849
18.5119598,73.9235849
18.5119598,73.9235849
18.5119598,73.9235849
18.5119681,73.9235907
18.5119681,73.9235907
18.5119681,73.9235907
18.5119681,73.9235907
18.5119681,73.9235907
18.5119652,73.9235814
18.5119652,73.9235814
18.5119652,73.9235814
18.5119652,73.9235814
18.5119652,73.9235814
18.5119652,73.9235814
18.5119652,73.9235814
18.511972,73.9235986
18.511972,73.9235986
18.511972,73.9235986
18.511972,73.9235986
18.5119689,73.9235886
18.5119689,73.9235886
18.5119689,73.9235886
18.5119689,73.9235886
18.5119689,73.9235886
18.5119689,73.9235886
18.5119585,73.9235858
18.5119585,73.9235858
18.5119585,73.9235858
18.5119585,73.9235858
18.5119585,73.9235858
18.5119585,73.9235858
18.5119585,73.9235858
18.5119479,73.9235657
18.5119479,73.9235657
18.5119479,73.9235657
18.5119479,73.9235657
18.5119479,73.9235657
18.5119479,73.9235657
18.5119479,73.9235657
18.5119664,73.9235749
18.5119664,73.9235749
18.5119664,73.9235749
18.5119664,73.9235749
18.5119664,73.9235749
18.5119664,73.9235749
18.5119664,73.9235749
18.5119676,73.9235873
18.5119676,73.9235873
18.5119676,73.9235873
18.5119676,73.9235873
18.5119614,73.9235962
18.5119614,73.9235962
18.5119614,73.9235962
18.5119614,73.9235962
18.5119537,73.9235825
18.5119537,73.9235825
18.5119537,73.9235825
18.5119537,73.9235825
18.5119537,73.9235825
18.5119537,73.9235825
18.5119537,73.9235825
18.5119648,73.9235891
18.5119648,73.9235891
18.5119648,73.9235891
18.5119648,73.9235891
18.5119648,73.9235891
18.5119648,73.9235891
18.5119648,73.9235891
18.51197,73.9235798
18.51197,73.9235798
18.51197,73.9235798
18.5119632,73.9235969
18.5119632,73.9235969
18.5119632,73.9235969
18.5119632,73.9235969
18.5119632,73.9235969
18.5119632,73.9235969
18.5119638,73.923584
18.5119638,73.923584
18.5119638,73.923584
18.5119638,73.923584
18.5119531,73.9235808
18.5119531,73.9235808
18.5119531,73.9235808
18.5119531,73.9235808
18.5119531,73.9235808
18.5119531,73.9235808
18.5119531,73.9235808
18.5119618,73.923586
18.5119397,73.9235846
18.5119397,73.9235846
18.5119397,73.9235846
18.5119397,73.9235846
18.5119397,73.9235846
18.5119397,73.9235846
18.5119397,73.9235846
18.5119583,73.9235837
18.5119607,73.9235711
18.5119607,73.9235711
18.5119607,73.9235711
18.5119607,73.9235711
18.5119607,73.9235711
18.5119607,73.9235711
18.5119478,73.9235754
18.5119478,73.9235754
18.5119478,73.9235754
18.5119478,73.9235754
18.5119617,73.9235739
18.5119617,73.9235739
18.5119617,73.9235739
18.5119617,73.9235739
18.5119617,73.9235739
18.5119617,73.9235739
18.5119634,73.9235483
18.5119634,73.9235483
18.5119634,73.9235483
18.5119634,73.9235483
18.5119634,73.9235483
18.5119634,73.9235483
18.51195,73.9235426
18.51195,73.9235426
18.51195,73.9235426
18.51195,73.9235426
18.51195,73.9235426
18.51195,73.9235426
18.51195,73.9235426
18.5119525,73.9235654
18.5119525,73.9235654
18.5119525,73.9235654
18.5119525,73.9235654
18.5119525,73.9235654
18.5119525,73.9235654
18.5119525,73.9235654
18.5119643,73.9235782
18.5119643,73.9235782
18.5119643,73.9235782
18.5119643,73.9235782
18.5119643,73.9235782
18.5119643,73.9235782
18.5119643,73.9235782
18.5119534,73.9235644
18.511961,73.9235797
18.511961,73.9235797
18.511961,73.9235797
18.511961,73.9235797
18.511961,73.9235797
18.511961,73.9235797
18.511961,73.9235797
18.511955,73.92356
18.511955,73.92356
18.511955,73.92356
18.511955,73.92356
18.511955,73.92356
18.511955,73.92356
18.5119547,73.9235697
18.5119547,73.9235697
18.5119547,73.9235697
18.5119547,73.9235697
18.5119547,73.9235697
18.5119547,73.9235697
18.5119547,73.9235697
18.5119468,73.9235615
18.5119468,73.9235615
18.5119468,73.9235615
18.5119468,73.9235615
18.5119468,73.9235615
18.5119468,73.9235615
18.5119468,73.9235615
18.5119559,73.9235774
18.5119559,73.9235774
18.5119559,73.9235774
18.5119559,73.9235774
18.5119559,73.9235774
18.5119559,73.9235774
18.5119559,73.9235774
18.5119647,73.9235872
18.5119647,73.9235872
18.5119647,73.9235872
18.5119647,73.9235872
18.5119647,73.9235872
18.5119647,73.9235872
18.5119647,73.9235872
18.5119712,73.9235949
18.5119712,73.9235949
18.5119712,73.9235949
18.5119712,73.9235949
18.5119712,73.9235949
