0.014
0.014
0.014
0.014
0.014
0.014
0.014
0.014
0.014
0.014
0.014
0.014
0.014
0.014
0.014
0.014
0.014
0.014
0.014
0.014
0.014
0.014
0.014
0.014
0.014
0.014
0.014
0.014
0.014
0.014
0.014
0.014
0.014
0.014
0.014
0.014
0.014
0.014
0.014
0.014
0.014
0.014
0.014
0.014
0.014
0.014
0.018
0.018
0.018
0.018
0.018
0.018
0.018
0.018
0.004
0.004
0.004
0.004
0.018
0.004
0.004
0.004
0.004
0.018
0.004
0.01
0.01
0.01
0.01
0.012
0.012
0.012
0.012
0.053
0.053
0.053
0.053
0.053
0.054
0.054
0.054
0.047
0.047
0.047
0.047
0.047
0.047
0.047
0.047
0.2
0.2
0.2
0.2
0.2
0.2
0.2
0.3
0.3
0.3
0.3
0.3
0.3
0.3
0.3
0.3
0.3
0.3
0.3
0.3
0.3
0.3
0.3
0.3
0.3
0.3
0.3
0.062
0.038
0.049
