0.075
0.008
0.005
0.001
0.002
0.001
0.002
0.006
0.002
0.001
0.001
0.001
0.001
0.008
0.004
0.001
0.009
0.006
0.001
0.003
0.011
0.011
0.011
0.011
0.011
0.011
0.011
0.002
0.007
0.004
0.003
0.005
0.008
0.002
0.007
0.009
0.003
0.004
0.008
0.008
0.008
0.008
0.008
0.008
0.008
0.002
0.003
0.006
0.006
0.001
0.004
0.009
0.009
0.009
0.009
0.009
0.001
0.004
0.009
0.009
0.009
0.009
0.009
0.009
0.009
0.001
0.004
0.009
0.009
0.009
0.009
0.009
0.009
0.009
0.001
0.004
0.01
0.01
0.01
0.01
0.01
0.01
0.01
0.01
0.005
0.01
0.01
0.01
0.01
0.01
0.01
0.01
0.01
0.005
0.006
0.006
0.006
0.006
0.006
0.006
0.006
0.006
0.004
0.008
0.008
0.008
0.008
0.008
0.008
0.008
0.008
0.003
0.006
0.006
0.006
0.006
0.006
0.006
0.006
0.006
0.004
0.074
0.074
0.074
0.074
0.074
0.074
0.074
0.074
0.3
0.3
0.3
0.3
0.3
0.3
0.3
0.3
0.3
0.3
0.008
0.008
0.008
0.008
0.008
0.008
0.008
0.008
0.006
0.004
0.004
0.004
0.004
0.004
0.004
0.004
0.004
0.2
0.3
0.3
0.3
0.3
0.3
0.3
0.3
0.3
0.3
0.3
0.3
0.3
0.3
0.3
0.3
0.3
0.3
0.3
0.3
0.3
0.3
0.3
0.3
0.3
0.3
0.3
0.3
0.3
0.3
0.3
0.3
0.3
0.3
0.3
0.3
0.3
0.3
0.3
0.2
0.2
0.2
0.2
0.2
0.2
0.2
0.2
0.006
0.009
0.009
0.009
0.009
0.009
0.009
0.009
0.049
0.3
0.3
0.3
0.3
0.3
0.3
0.3
0.1
0.1
0.1
0.1
0.1
0.1
0.1
0.1
0.1
0.1
0.1
0.1
0.1
0.1
0.1
0.1
0.1
0.1
0.1
0.004
0.014
0.014
0.014
0.014
0.014
0.014
0.014
0.014
0.003
0.008
0.008
0.008
0.008
0.008
0.008
0.008
0.008
0.003
0.006
0.006
0.006
0.006
0.006
0.006
0.006
0.006
0.005
0.01
0.01
0.01
0.01
0.01
0.01
0.01
0.01
0.002
0.012
0.012
0.012
0.012
0.012
0.012
0.012
0.012
0.003
0.014
0.014
0.014
0.014
0.014
0.014
0.014
0.014
0.003
0.014
0.014
0.014
0.014
0.014
0.014
0.014
0.014
0.003
0.014
0.014
0.014
0.014
0.014
0.014
0.014
0.014
0.003
0.011
0.011
0.011
0.011
0.011
0.011
0.011
0.011
0.003
0.014
0.014
0.014
0.014
0.014
0.014
0.014
0.014
0.001
0.014
0.014
0.014
0.014
0.014
0.014
0.014
0.014
0.002
0.009
0.009
0.009
0.001
0.7
0.7
0.7
0.7
0.7
0.7
0.7
0.7
0.001
0.003
0.003
0.003
0.003
0.003
0.003
0.015
0.015
0.015
0.001
