0.001
0.001
0.01
0.01
0.01
0.01
0.061
0.061
0.061
0.061
0.1
0.1
0.1
0.1
0.1
0.1
0.1
0.1
0.06
0.06
0.06
0.06
0.083
0.083
0.083
0.083
0.1
0.1
0.1
0.1
0.1
0.1
0.1
0.1
0.3
0.3
0.3
0.3
1.4
1.4
0.015
0.015
0.015
0.015
0.005
0.005
0.005
0.005
0.006
0.006
0.006
0.006
0.1
0.1
0.1
0.1
0.009
0.009
0.009
0.009
0.002
0.002
0.002
0.002
0.002
0.002
0.002
0.002
0.001
0.001
0.001
0.001
0.004
0.004
0.004
0.004
0.006
0.006
0.006
0.006
0.005
0.005
0.005
0.005
0.003
0.003
0.001
0.001
0.001
0.001
0.004
0.004
0.004
0.004
0.004
0.004
0.004
0.004
0.001
0.001
0.001
0.001
0.001
0.001
0.001
0.001
0.001
0.001
0.001
0.001
0.001
0.001
0.001
0.001
0.001
0.001
0.001
0.001
0.003
0.003
0.003
0.003
0.001
0.001
0.001
0.001
0.002
0.002
0.002
0.002
0.004
0.004
0.004
0.004
0.004
0.002
0.002
0.002
0.002
0.002
0.002
0.003
0.003
0.003
0.003
0.001
0.001
0.001
0.001
0.001
0.001
0.001
0.001
0.001
0.001
0.001
0.001
0.001
0.001
0.001
0.001
0.001
0.001
0.001
0.001
0.002
0.002
0.002
0.002
0.001
0.001
0.001
0.001
0.001
0.001
0.001
0.001
0.001
0.001
0.001
0.001
0.001
0.001
0.001
0.001
0.002
0.002
0.002
0.002
0.001
0.001
0.001
0.001
0.003
0.003
0.003
0.003
0.003
0.003
0.003
0.003
0.001
0.001
0.001
0.001
0.001
0.001
0.001
0.001
0.002
0.002
0.002
0.002
0.006
0.006
0.006
0.006
0.002
0.002
0.002
0.002
0.001
0.001
0.001
0.001
0.003
0.003
0.003
0.003
0.001
0.001
0.001
0.001
0.001
0.001
0.001
0.001
0.001
0.001
0.001
0.001
0.002
0.002
0.002
0.002
0.005
0.005
0.005
0.005
0.001
0.001
0.001
