0.003
0.003
0.003
0.003
0.003
0.001
0.001
0.001
0.001
0.001
0.001
0.002
0.001
0.001
0.001
0.001
0.001
0.001
0.001
0.001
0.001
0.001
0.001
0.001
0.002
0.002
0.002
0.002
0.002
0.001
0.001
0.001
0.001
0.001
0.001
0.001
0.001
0.001
0.001
0.001
0.001
0.004
0.004
0.004
0.004
0.004
0.004
0.007
0.007
0.005
0.005
0.003
0.002
0.001
0.003
0.003
0.002
0.002
0.003
0.047
0.047
0.047
0.047
0.047
0.047
0.5
0.4
0.4
0.4
0.4
0.4
0.4
0.4
0.4
0.4
0.4
0.4
0.4
0.2
0.3
0.3
0.3
0.3
0.3
0.3
0.057
0.057
0.057
0.057
0.057
0.057
0.03
0.03
0.03
0.03
0.03
0.03
0.042
0.042
0.042
0.042
0.042
0.042
0.062
0.062
0.062
0.062
0.085
0.085
0.085
0.085
0.085
0.085
0.045
0.045
0.045
0.045
0.045
0.045
0.3
0.3
0.3
0.3
0.3
0.3
1.6
1.6
0.3
0.3
0.2
0.2
0.2
0.3
0.9
0.9
0.4
0.4
0.4
0.4
0.4
0.4
0.6
0.6
0.2
0.3
0.3
0.2
0.2
0.6
0.6
0.084
0.084
0.076
0.076
0.076
0.076
0.076
0.4
0.4
2.5
2.5
2.5
2.5
2.5
2.5
0.8
0.8
0.8
0.8
0.8
0.8
0.009
0.009
0.009
0.009
0.009
0.009
0.8
0.8
0.8
0.8
0.8
0.8
0.012
0.012
0.012
0.012
0.8
0.8
0.8
0.8
0.8
0.8
0.011
0.011
0.011
0.011
0.011
0.011
0.8
0.8
0.8
0.8
0.8
0.8
0.006
0.006
0.006
0.006
0.006
0.006
0.012
0.012
0.012
0.012
0.012
0.012
0.003
0.003
0.003
0.003
0.003
0.003
0.001
0.001
0.001
0.001
0.001
0.001
4.5
0.001
