0.001
0.001
0.001
0.001
1.4
1.4
1.4
1.4
2.1
2.1
2.1
2.1
2
2
2
0.7
0.7
0.7
0.7
1
1
1
3.5
3.5
3.5
3.5
2.8
2.8
2.8
2.8
5.8
5.8
5.8
5.8
4.1
4.1
4.1
4.1
0.8
0.8
0.8
0.8
2.6
2.6
2.6
5
5
5
5
5.7
5.7
4.1
4.1
4.1
4.1
0.8
0.8
0.8
0.8
2.9
2.9
2.9
1.8
1.8
1.8
1.8
0.4
0.4
0.4
0.4
0.6
2.1
2.1
2.1
2.1
2.5
2.5
2.5
2.5
2.3
7.9
7.9
7.9
7.9
4.8
4.8
4.8
0.9
0.9
0.9
0.9
4.8
4.8
4.8
1.8
1.8
1.8
1.8
26.7
26.7
26.7
26.7
10.4
10.4
10.4
0.4
0.4
0.4
0.4
2.1
2.1
3.1
3.1
3.1
0.002
0.002
0.002
0.002
0.01
0.01
0.01
0.01
0.007
0.007
0.007
0.007
0.004
0.004
0.004
0.004
0.02
0.02
0.02
0.02
9.5
9.5
9.5
9.5
2
2
2
4.5
4.5
4.5
4.5
1.7
1.7
1.7
1.7
0.012
0.012
0.012
0.012
0.4
0.4
0.4
0.4
0.002
0.002
0.002
0.002
0.4
0.4
0.4
0.4
0.027
0.027
0.027
0.027
0.7
0.7
0.7
0.7
0.002
0.002
0.002
