0.3
0.3
0.001
0.001
0.001
0.001
0.005
0.005
0.005
0.005
3.3
3.3
3.3
3.3
0.001
0.001
0.001
0.001
0.3
0.3
0.3
0.3
0.038
0.038
0.038
0.038
0.1
0.1
0.1
0.1
0.078
0.078
0.078
0.078
0.076
0.048
0.017
0.017
0.017
0.017
0.005
0.005
0.005
0.005
0.049
0.049
0.082
0.082
0.082
0.082
0.5
0.5
0.5
0.5
0.5
0.5
0.5
0.5
0.5
0.5
0.5
0.5
2
2
2
2
0.9
0.9
0.9
0.9
0.9
0.9
0.9
0.9
0.9
0.9
0.9
0.9
0.9
0.9
0.9
0.9
1.3
1.3
1.3
1.3
1.3
1.3
1.3
1.3
1.3
1.3
1.3
1.3
1.2
1.2
1.2
1.2
1.3
1.3
1.3
1.3
1.9
1.9
1.9
1.9
0.5
0.5
0.5
0.5
0.5
0.5
0.5
0.5
0.6
0.6
0.6
0.6
0.001
0.001
0.001
0.001
0.001
0.001
0.001
0.001
0.001
0.001
0.001
0.001
1.2
1.2
1.2
1.2
0.6
0.6
0.6
0.6
0.6
0.6
0.6
0.6
0.6
0.6
0.6
0.6
0.6
0.6
0.6
0.6
0.6
0.6
0.6
0.6
1
1
1
1
0.4
0.4
0.4
0.4
0.4
0.4
0.4
0.4
0.4
0.4
0.4
0.4
0.2
0.2
0.2
0.2
2.1
2.1
2.1
2.1
1
1
1
1
0.4
0.4
0.4
0.4
0.4
0.3
0.3
0.3
0.3
0.049
0.049
0.049
0.049
0.062
0.062
0.062
0.062
0.057
0.057
0.057
0.057
0.044
0.044
0.044
0.044
0.029
0.029
0.029
0.029
0.038
0.038
0.038
0.038
0.052
0.052
0.052
0.052
0.046
0.046
0.046
0.046
0.032
0.032
0.032
0.032
0.07
0.07
0.07
0.07
0.059
0.059
0.059
0.059
0.047
0.047
0.047
0.047
0.019
0.019
0.019
0.019
0.052
0.052
0.052
0.052
0.068
0.068
0.068
0.068
0.059
0.059
0.059
0.059
0.2
0.2
0.2
0.2
0.2
0.2
0.2
0.2
0.3
0.3
0.3
0.3
0.5
0.5
0.5
0.5
0.1
0.1
0.1
0.1
0.1
0.1
0.1
0.1
0.1
0.1
0.1
0.1
0.1
0.1
0.1
0.1
0.093
0.093
0.093
0.093
0.4
0.4
0.4
0.4
0.08
0.08
0.08
0.08
0.085
0.085
0.085
0.085
0.1
0.1
0.1
0.1
0.2
0.2
0.5
0.5
0.2
0.2
0.3
0.3
0.3
1.3
1.3
1.3
1.3
1.5
1.5
1.5
1.5
1.6
1.6
1.6
1.6
1.6
1.6
1.6
1.6
0.7
0.7
0.7
0.7
0.025
0.025
0.025
0.025
0.001
0.001
0.001
0.001
0.023
0.023
0.023
0.023
0.001
0.001
0.001
0.001
0.002
0.002
0.002
0.002
0.007
0.007
0.007
0.007
0.007
0.007
0.007
0.007
0.017
0.017
0.017
0.017
0.051
0.051
0.051
0.051
0.8
0.8
0.8
0.8
2
2
2
2
1.9
1.9
1.9
1.9
1.9
1.9
1.9
1.9
1.8
1.8
1.8
1.8
0.1
0.1
0.1
0.1
0.5
0.5
0.5
0.5
0.6
0.6
0.6
0.6
0.7
0.7
0.7
0.7
1.1
1.1
1.1
1.1
0.7
0.7
0.7
0.7
0.7
0.7
0.7
0.7
0.7
0.7
0.7
0.7
0.5
0.5
0.5
0.5
0.091
0.091
0.091
0.091
0.087
0.087
0.087
0.087
1
1
1
1
1
1
1
1
1
1
1
1
1.1
1.1
1.1
1.1
1
1
1
1
1.1
1.1
1.1
1.1
1.1
1.1
1.1
1.1
1.2
1.2
1.2
1.2
0.1
0.1
0.1
0.1
0.062
0.062
0.062
0.062
1.3
1.3
1.3
1.3
0.3
0.3
0.3
0.3
0.1
0.1
0.1
0.1
0.2
0.2
0.2
0.2
0.038
0.038
0.038
0.038
0.076
0.076
0.076
0.076
0.1
0.1
0.1
0.1
0.1
0.1
0.1
0.1
0.2
0.2
0.2
1.7
1.7
1.7
1.7
0.6
0.6
0.6
0.6
0.2
0.2
0.2
0.2
0.2
0.2
0.2
0.2
0.1
0.044
0.044
0.044
0.061
0.061
0.061
0.061
0.7
0.7
0.7
0.6
0.6
0.6
0.4
0.4
0.1
0.1
0.1
0.2
0.1
1.8
0.5
0.9
0.2
0.2
1.3
0.5
0.5
0.7
0.7
1
1
1
1.7
0.8
0.8
0.8
1.5
1.5
1.5
1.5
1.9
1.5
1.5
0.1
0.1
0.1
0.1
0.1
0.1
0.1
0.1
0.1
0.067
0.067
0.067
0.067
0.1
0.1
0.1
0.1
0.057
0.057
0.057
0.057
0.042
0.042
0.042
0.042
1.4
1.4
1.4
1.4
0.9
0.9
0.9
0.9
0.9
0.9
0.9
0.9
0.9
0.9
0.9
0.9
0.9
0.9
0.9
0.9
0.2
0.2
0.2
0.2
0.1
0.1
0.1
0.1
0.2
0.2
0.2
0.2
5.1
5.1
5.1
5.1
4.1
4.1
4.1
4.1
0.6
0.6
0.6
0.6
0.2
0.2
0.2
0.2
0.2
6.8
6.5
0.2
0.3
0.1
0.1
0.1
0.2
0.052
0.081
0.076
0.091
0.083
0.062
0.1
0.2
0.1
0.1
0.023
0.028
0.043
0.015
0.015
0.017
0.014
0.035
0.065
0.033
0.065
0.087
0.1
0.1
0.1
0.1
0.2
0.2
0.2
0.2
0.2
0.088
0.092
0.1
0.082
0.028
0.077
0.1
0.2
0.2
0.2
0.2
0.079
0.081
0.092
3.2
0.2
0.3
0.2
0.2
0.2
0.2
0.2
0.2
0.1
0.1
0.2
0.1
0.2
0.2
0.2
0.2
0.2
0.2
0.2
0.2
0.2
0.2
0.2
0.2
0.2
0.1
0.1
0.1
0.2
0.2
0.2
0.2
0.2
0.2
0.2
0.2
0.2
0.2
0.1
1.6
1.8
1.7
0.2
0.2
0.2
0.1
0.2
0.088
0.011
0.037
0.1
0.1
0.1
0.1
0.1
0.1
0.1
0.1
0.1
2.4
0.9
0.9
0.012
0.9
0.004
0.9
0.9
0.9
0.9
0.9
0.007
0.025
1.7
1.7
40.6
