0.4
0.041
0.041
0.041
0.041
0.041
0.041
0.041
0.041
0.049
0.049
0.049
0.049
0.049
0.049
0.049
0.049
0.1
0.1
0.1
0.1
0.1
0.1
0.1
0.1
0.011
0.011
0.011
0.011
0.011
0.011
0.011
0.011
0.077
0.077
0.077
0.077
0.077
0.077
0.077
0.077
0.079
0.079
0.079
0.079
0.079
0.079
0.079
0.079
0.009
0.009
0.009
0.009
0.009
0.009
0.009
0.009
0.001
0.001
0.001
0.001
0.001
0.001
0.001
0.001
0.006
0.006
0.006
0.006
0.006
0.006
0.006
0.006
0.1
0.1
0.1
0.1
0.1
0.1
0.1
0.1
0.006
0.006
0.006
0.006
0.006
0.006
0.006
0.006
0.001
0.001
0.001
0.001
0.001
0.001
0.001
0.001
0.002
0.002
0.002
0.002
0.002
0.002
0.002
0.002
0.009
0.009
0.009
0.009
0.009
0.009
0.009
0.009
0.1
