18.5118048,73.9236172
18.5118039,73.9236196
18.5118032,73.9236278
18.5117956,73.9236668
18.5117899,73.9237056
18.5117866,73.9237342
18.5117815,73.9237924
18.5117838,73.9238364
18.5117838,73.9238364
18.5117847,73.9238795
18.5117849,73.9239012
18.5117849,73.9239153
18.5117733,73.9239143
18.5117756,73.9238852
18.5117782,73.9238667
18.5117812,73.9238459
18.5117825,73.9238274
18.5117835,73.9238133
18.5117841,73.9239721
18.5117841,73.9239721
18.5117844,73.9240684
18.5117914,73.9240051
18.5117914,73.9240051
18.5118114,73.9237024
18.5118116,73.9236358
18.5118115,73.9236149
18.5118035,73.9236132
18.5117864,73.9236072
18.5117855,73.9236328
18.5117855,73.9236328
18.5117853,73.9236546
18.5117853,73.9236546
18.5117781,73.9236364
18.5117722,73.9236444
18.5117608,73.9236683
18.5117522,73.9237397
18.5117522,73.9237397
18.5117522,73.9237397
18.5117522,73.9237397
18.5117522,73.9237397
18.5118118,73.923696
18.5118118,73.923696
18.5118118,73.923696
18.5118118,73.923696
18.5118118,73.923696
18.5118493,73.9234825
18.5118493,73.9234825
18.5118493,73.9234825
18.5118493,73.9234825
18.5118493,73.9234825
18.5118571,73.9234592
18.5118571,73.9234592
18.5118571,73.9234592
18.5118571,73.9234592
18.5118571,73.9234592
18.5118558,73.9234431
18.5118558,73.9234431
18.5118558,73.9234431
18.5118558,73.9234431
18.5118558,73.9234431
18.511857,73.9234555
18.511857,73.9234555
18.511857,73.9234555
18.511857,73.9234555
18.511857,73.9234555
18.5118346,73.9234562
18.5118346,73.9234562
18.5118346,73.9234562
18.5118346,73.9234562
18.5118346,73.9234562
18.5118306,73.9234337
18.5118306,73.9234337
18.5118306,73.9234337
18.5118306,73.9234337
18.5118306,73.9234337
18.5118487,73.9234055
18.5118487,73.9234055
18.5118487,73.9234055
18.5118487,73.9234055
18.5118487,73.9234055
18.5118139,73.9234231
18.5118139,73.9234231
18.5118139,73.9234231
18.5118139,73.9234231
18.5118139,73.9234231
18.5117925,73.923405
18.5117925,73.923405
18.5117925,73.923405
18.5117925,73.923405
18.5117925,73.923405
18.5117968,73.9232532
18.5117968,73.9232532
18.5117968,73.9232532
18.5117968,73.9232532
18.5117968,73.9232532
18.5117685,73.9230914
18.5117685,73.9230914
18.5117685,73.9230914
18.5117685,73.9230914
18.5117685,73.9230914
18.5116247,73.9231031
18.5116247,73.9231031
18.5116247,73.9231031
18.5116247,73.9231031
18.5116247,73.9231031
18.511543,73.9230801
18.511543,73.9230801
18.511543,73.9230801
18.511543,73.9230801
18.511543,73.9230801
18.5115246,73.9229823
18.5115246,73.9229823
18.5115246,73.9229823
18.5115246,73.9229823
18.5115246,73.9229823
18.5114093,73.9229436
18.5114093,73.9229436
18.5114093,73.9229436
18.5114093,73.9229436
18.5114093,73.9229436
18.511307,73.9229454
18.511307,73.9229454
18.511307,73.9229454
18.511307,73.9229454
18.511307,73.9229454
18.5111742,73.9229713
18.5111742,73.9229713
18.5111742,73.9229713
18.5111742,73.9229713
18.5111742,73.9229713
18.5110774,73.9229486
18.5110774,73.9229486
18.5110774,73.9229486
18.5110774,73.9229486
18.5110774,73.9229486
18.5109616,73.9229667
18.5109616,73.9229667
18.5109616,73.9229667
18.5109616,73.9229667
18.5109616,73.9229667
18.5109158,73.9230549
18.5109158,73.9230549
18.5109158,73.9230549
18.5109158,73.9230549
18.5109158,73.9230549
18.5109274,73.9231425
18.5109274,73.9231425
18.5109274,73.9231425
18.5109274,73.9231425
18.5109274,73.9231425
18.5109522,73.9232752
18.5109522,73.9232752
18.5109522,73.9232752
18.5109522,73.9232752
18.5109522,73.9232752
18.5109519,73.9234173
18.5109519,73.9234173
18.5109519,73.9234173
18.5109519,73.9234173
18.5109519,73.9234173
18.5109441,73.9234125
18.5109441,73.9234125
18.5109441,73.9234125
18.5109441,73.9234125
18.5109441,73.9234125
18.5109497,73.9234225
18.5109497,73.9234225
18.5109497,73.9234225
18.5109497,73.9234225
18.5109497,73.9234225
18.5108881,73.9239641
18.5108881,73.9239641
18.5108881,73.9239641
18.5108881,73.9239641
18.5108881,73.9239641
18.5108537,73.9244462
18.5108537,73.9244462
18.5108537,73.9244462
18.5108537,73.9244462
18.5108537,73.9244462
18.5108305,73.9250946
18.5108305,73.9250946
18.5108305,73.9250946
18.5108305,73.9250946
18.5108305,73.9250946
18.510781,73.9255597
18.510781,73.9255597
18.510781,73.9255597
18.510781,73.9255597
18.510781,73.9255597
18.5108079,73.9260062
18.5108079,73.9260062
18.5108079,73.9260062
18.5108079,73.9260062
18.5108079,73.9260062
18.5111677,73.9260356
18.5111677,73.9260356
18.5111677,73.9260356
18.5111677,73.9260356
18.5111677,73.9260356
18.5117963,73.9260832
18.5117963,73.9260832
18.5117963,73.9260832
18.5117963,73.9260832
18.5117963,73.9260832
18.5125527,73.9261754
18.5125527,73.9261754
18.5125527,73.9261754
18.5125527,73.9261754
18.5125527,73.9261754
18.51308,73.9263818
18.51308,73.9263818
18.51308,73.9263818
18.51308,73.9263818
18.51308,73.9263818
18.5133653,73.9272047
18.5133653,73.9272047
18.5133653,73.9272047
18.5133653,73.9272047
18.5133653,73.9272047
18.5141523,73.9280067
18.5141523,73.9280067
18.5141523,73.9280067
18.5141523,73.9280067
18.5141523,73.9280067
18.5147931,73.928296
18.5147931,73.928296
18.5147931,73.928296
18.5147931,73.928296
18.5147931,73.928296
18.5148719,73.9288359
18.5148719,73.9288359
18.5148719,73.9288359
18.5148719,73.9288359
18.5148719,73.9288359
18.5148213,73.9295193
18.5148213,73.9295193
18.5148213,73.9295193
18.5148213,73.9295193
18.5148213,73.9295193
18.5148201,73.9301862
18.5148201,73.9301862
18.5148201,73.9301862
18.5148201,73.9301862
18.5148201,73.9301862
18.5327601,73.9329159
18.5327601,73.9329159
18.5327601,73.9329159
18.5327601,73.9329159
18.5327601,73.9329159
18.5327449,73.9329161
18.5327449,73.9329161
18.5327449,73.9329161
18.5327449,73.9329161
18.5327449,73.9329161
18.5327696,73.9329054
18.53277,73.9329096
18.5327692,73.9328989
18.5327689,73.9328957
18.5330666,73.93297
18.5332044,73.9329981
18.5332044,73.9329981
18.5332044,73.9329981
18.5332044,73.9329981
18.5332044,73.9329981
18.5335929,73.9331263
18.5338555,73.9332072
18.5338555,73.9332072
18.5342642,73.9333172
18.5345564,73.9333999
18.534918,73.9334612
18.5353113,73.9335822
18.5357949,73.93369
18.5360835,73.9337613
18.5364873,73.9338483
18.5368376,73.9339036
18.5368376,73.9339036
18.5372162,73.9339886
18.5375717,73.9340651
18.5378935,73.9341302
18.5382618,73.934192
18.5385416,73.9342283
18.5390431,73.9343317
18.5390431,73.9343317
18.5390431,73.9343317
18.5390431,73.9343317
18.5390431,73.9343317
18.5392891,73.9343905
18.5397308,73.9345189
18.5397308,73.9345189
18.5397308,73.9345189
18.5397308,73.9345189
18.5397308,73.9345189
18.539844,73.9345325
18.5405148,73.9347108
18.5405148,73.9347108
18.5405148,73.9347108
18.5405148,73.9347108
18.5405148,73.9347108
18.5406005,73.9347323
18.541576,73.9349144
18.541576,73.9349144
18.541576,73.9349144
18.541576,73.9349144
18.541576,73.9349144
18.541576,73.9349144
18.5424578,73.9350988
18.5424578,73.9350988
18.5424578,73.9350988
18.5424578,73.9350988
18.5424578,73.9350988
18.5424578,73.9350988
18.5434884,73.9353247
18.5434884,73.9353247
18.5434884,73.9353247
18.5434884,73.9353247
18.5434884,73.9353247
18.5434884,73.9353247
18.5443912,73.935565
18.5443912,73.935565
18.5443912,73.935565
18.5443912,73.935565
18.5443912,73.935565
18.5443912,73.935565
18.5449521,73.9357413
18.5449521,73.9357413
18.5449521,73.9357413
18.5449521,73.9357413
18.5449521,73.9357413
18.5449521,73.9357413
18.5449654,73.9357652
18.5449654,73.9357652
18.5449654,73.9357652
18.5449654,73.9357652
18.5449654,73.9357652
18.5449654,73.9357652
18.5449179,73.9358324
18.5449179,73.9358324
18.5449179,73.9358324
18.5449179,73.9358324
18.5449179,73.9358324
18.5449179,73.9358324
18.5449519,73.9364326
18.5449519,73.9364326
18.5449519,73.9364326
18.5449519,73.9364326
18.5449519,73.9364326
18.5449519,73.9364326
18.5450786,73.9371225
18.5450786,73.9371225
18.5450786,73.9371225
18.5450786,73.9371225
18.5450786,73.9371225
18.5450786,73.9371225
18.5451455,73.937686
18.5451455,73.937686
18.5451455,73.937686
18.5451455,73.937686
18.5451455,73.937686
18.5451455,73.937686
18.5451808,73.9382279
18.5451808,73.9382279
18.5451808,73.9382279
18.5451808,73.9382279
18.5451808,73.9382279
18.5451808,73.9382279
18.5452235,73.9386486
18.5452235,73.9386486
18.5452235,73.9386486
18.5452235,73.9386486
18.5452235,73.9386486
18.5452235,73.9386486
18.5464858,73.9419318
18.5464732,73.9419311
18.5464732,73.9419311
18.5464732,73.9419311
18.5464732,73.9419311
18.5464732,73.9419311
18.5464732,73.9419311
18.5464549,73.9419496
18.5464637,73.9419505
18.5464637,73.9419505
18.5464637,73.9419505
18.5464637,73.9419505
18.5464637,73.9419505
18.5464637,73.9419505
18.5464952,73.9419465
18.5465839,73.9419276
18.5465839,73.9419276
18.5465839,73.9419276
18.5465839,73.9419276
18.5465839,73.9419276
18.5465884,73.9419327
18.5465944,73.9419506
18.5465938,73.9419504
18.5465938,73.9419504
18.5465938,73.9419504
18.5465938,73.9419504
18.5465938,73.9419504
18.5465938,73.9419504
18.5465862,73.9419457
