0.005
0.023
0.055
0.004
0.041
0.05
0.009
0.032
0.025
0.001
0.007
0.001
0.001
0.031
0.001
0.007
0.028
0.002
0.001
0.001
0.001
0.001
0.001
0.001
0.003
0.4
0.013
0.003
0.001
0.067
0.013
0.01
0.01
0.01
0.001
0.001
0.001
0.001
0.001
0.023
0.009
0.004
0.002
0.001
0.001
0.001
0.001
0.001
0.001
0.002
0.003
0.4
0.001
0.001
0.001
0.006
0.001
0.001
0.003
0.003
0.01
0.004
0.004
0.004
0.007
0.001
0.001
0.007
0.001
0.004
0.003
0.004
0.001
0.001
0.001
0.021
0.001
0.062
0.001
0.001
0.001
0.042
0.002
0.001
0.001
0.001
0.002
0.003
0.005
0.001
0.001
0.001
0.001
0.001
0.001
0.015
0.026
0.01
0.005
0.002
0.001
0.001
0.001
0.001
0.001
0.001
0.001
0.001
0.001
0.001
0.001
0.001
0.001
0.001
0.001
0.001
0.001
0.001
0.001
0.001
0.001
0.001
0.001
0.001
0.001
0.001
0.001
0.001
0.001
0.001
0.001
0.01
0.002
0.003
0.001
0.001
0.001
0.001
0.001
0.001
0.001
0.001
0.001
0.001
0.001
0.001
0.001
0.001
0.001
0.001
0.001
0.001
0.001
0.001
0.001
0.001
0.001
0.001
0.001
0.001
0.001
0.001
0.014
0.004
0.001
0.01
0.005
0.005
0.004
0.003
0.002
0.014
0.002
0.01
0.001
0.002
0.01
0.006
0.015
0.009
0.007
0.007
0.007
0.011
0.001
0.003
0.008
0.001
0.006
0.004
0.008
0.004
0.003
0.001
0.003
0.013
0.001
0.009
0.001
0.003
0.001
0.001
0.012
0.003
0.01
0.002
0.004
0.009
0.001
0.002
0.001
0.001
0.001
0.01
0.003
0.001
0.001
0.003
0.001
0.001
0.001
0.001
0.001
0.004
0.013
0.001
0.006
0.005
0.008
0.002
0.001
0.01
0.008
0.002
0.004
0.001
0.011
0.006
0.004
0.001
0.003
0.002
0.001
0.001
0.001
0.001
0.001
0.001
0.001
0.001
0.001
0.001
0.001
0.001
0.001
0.001
0.001
0.001
0.001
0.001
0.001
0.001
0.001
0.001
0.001
0.001
0.001
0.001
0.001
0.001
0.001
0.001
0.001
0.001
0.001
0.001
0.001
0.001
0.001
0.001
0.001
0.001
0.001
0.001
0.001
0.001
0.001
0.001
0.001
0.001
0.001
0.001
0.001
0.001
0.001
0.001
0.4
0.4
0.004
0.002
0.001
0.001
0.004
0.007
0.006
0.001
0.001
0.001
0.001
0.001
0.001
0.001
0.001
0.001
0.001
0.019
0.005
