0.5
0.002
0.004
0.004
0.5
0.5
0.5
0.022
0.022
0.022
0.011
0.011
0.011
0.5
0.001
0.4
0.005
0.9
0.009
0.9
0.002
0.016
0.9
0.5
0.1
0.1
0.1
0.1
0.1
0.5
0.5
0.5
0.9
0.9
0.9
0.003
0.008
0.9
0.073
0.9
0.9
0.017
0.011
0.9
0.9
0.016
0.5
0.4
0.002
0.011
0.5
0.019
0.029
0.029
0.029
0.9
0.009
0.9
0.9
0.005
0.005
0.9
0.9
0.006
0.006
0.1
0.6
0.8
0.082
0.042
0.5
0.8
0.1
0.5
0.043
0.8
0.088
0.9
0.2
0.2
0.5
0.5
0.5
0.1
0.5
0.1
0.5
0.034
0.9
0.025
0.001
0.5
0.035
0.008
0.5
0.9
0.9
0.004
0.9
0.9
0.005
1.2
1.3
0.091
0.091
0.091
0.1
0.1
0.1
0.1
0.1
0.1
0.1
0.1
0.1
0.1
0.1
0.1
0.1
0.1
0.1
0.1
0.1
0.1
0.1
0.1
0.1
0.078
0.078
0.078
0.093
0.093
0.093
0.089
0.089
0.089
0.1
0.1
0.1
0.1
0.1
0.1
0.1
0.1
0.1
8.2
0.032
0.033
0.033
0.033
0.1
0.1
0.053
0.053
0.053
0.066
0.037
0.037
0.005
0.005
0.005
0.009
0.1
0.009
0.009
0.029
0.029
0.029
0.007
0.027
0.048
0.038
0.1
0.1
0.1
0.006
0.022
0.061
0.061
0.022
0.025
0.031
0.031
0.031
0.031
0.031
0.031
0.031
0.052
0.052
0.1
0.003
0.017
0.001
0.001
0.003
0.003
0.001
0.001
0.001
0.6
0.6
0.001
0.013
0.041
0.041
0.041
0.041
0.041
0.041
0.041
0.041
0.006
0.034
0.7
0.7
0.7
0.7
0.018
0.018
0.093
0.093
0.093
0.093
0.093
0.018
0.026
0.093
0.026
0.026
0.026
0.089
0.089
0.1
0.1
0.1
0.1
0.1
0.1
0.021
0.021
0.1
0.1
0.1
0.1
0.1
0.1
0.021
0.021
0.021
0.3
0.3
0.021
0.021
0.021
0.021
1.2
0.9
0.9
0.4
0.4
0.4
0.023
0.023
0.023
0.023
0.1
0.1
0.1
0.1
0.1
0.1
0.1
0.1
0.048
0.048
0.048
0.048
0.1
0.1
0.1
0.1
0.1
0.1
0.1
0.1
0.03
0.03
0.03
0.03
0.1
0.1
0.1
0.1
0.1
0.1
0.1
0.1
0.026
0.026
0.026
0.026
0.1
0.1
0.1
0.1
0.1
0.1
0.1
0.1
0.1
0.007
0.007
0.007
0.007
24.3
24.3
24.3
24.3
24.3
24.3
24.3
24.3
0.1
0.1
0.1
0.1
0.1
0.1
0.1
0.1
0.1
0.1
0.1
0.1
0.1
0.1
1.1
1.1
1.1
1.1
1.1
1.1
1.1
1.1
1.1
0.2
0.2
0.2
0.2
0.2
0.2
0.2
0.1
0.1
0.1
0.1
0.1
0.1
0.1
0.1
0.1
0.1
0.2
0.2
0.2
0.2
0.2
0.2
0.2
0.2
0.2
0.2
0.2
0.2
0.2
0.2
0.4
0.4
0.4
0.4
0.4
0.4
0.4
0.4
0.4
0.4
0.4
0.4
0.4
0.4
0.3
0.3
0.3
0.3
0.3
0.3
0.3
0.3
0.3
0.3
0.3
0.3
0.3
0.3
0.062
0.062
0.062
0.062
0.062
0.062
0.062
0.062
0.062
0.062
0.062
0.062
0.062
0.062
0.078
0.078
0.078
0.078
0.078
0.078
0.078
0.078
0.078
0.078
0.078
0.078
0.078
0.078
0.056
0.056
0.051
0.051
0.051
0.051
0.017
0.029
0.029
0.029
0.029
0.029
0.029
0.029
0.029
0.025
0.025
0.025
0.024
0.024
0.024
0.024
0.024
0.024
0.024
0.024
0.024
0.024
0.024
0.024
0.024
0.024
0.002
0.002
0.002
0.011
0.011
0.011
0.011
0.011
0.011
0.011
0.011
0.011
0.011
0.011
0.011
0.011
0.011
0.007
0.007
0.007
0.018
0.018
0.018
0.007
0.007
0.007
0.007
0.007
0.007
0.007
0.007
0.007
0.007
0.007
0.011
0.011
0.011
0.005
0.005
0.005
0.007
0.007
0.007
0.007
0.007
0.007
0.002
0.002
0.002
0.001
0.001
0.001
0.003
0.003
0.001
0.001
0.001
0.006
0.006
0.006
0.036
0.036
0.036
0.016
0.016
0.016
0.006
0.006
0.006
0.002
0.002
0.002
0.01
0.01
0.01
0.045
0.045
0.045
0.017
0.017
0.017
0.01
0.01
0.01
0.018
0.018
0.018
0.013
0.013
0.013
0.005
0.005
0.005
0.003
0.003
0.003
0.001
0.001
0.001
0.006
0.006
0.006
0.003
0.003
0.003
0.048
0.048
0.048
0.001
0.001
0.001
0.001
0.001
0.001
0.027
0.027
0.027
0.022
0.022
0.022
0.009
0.009
0.009
0.052
0.052
0.052
0.4
0.4
0.051
0.051
0.051
0.051
0.051
0.4
0.4
0.4
0.4
0.4
0.4
0.4
0.4
0.4
0.4
0.4
0.4
0.4
0.001
0.001
0.001
0.4
0.4
0.4
0.4
0.4
0.4
0.4
0.4
0.4
0.001
0.001
0.001
0.4
0.4
0.4
0.4
0.4
0.4
0.4
0.4
0.3
0.3
0.3
0.9
0.9
0.9
0.3
0.3
0.3
0.3
0.3
0.3
0.3
0.3
0.3
0.3
0.3
0.3
0.3
0.3
0.7
0.7
0.7
0.018
0.018
0.018
0.018
0.018
0.018
0.018
0.018
0.018
0.018
0.018
0.018
0.018
0.4
0.4
0.4
0.036
0.4
0.4
0.4
0.4
0.4
0.4
0.4
0.4
0.4
0.4
0.4
0.4
0.4
0.4
0.5
0.5
0.5
0.003
0.003
0.003
0.031
0.031
0.031
0.031
0.031
0.031
0.031
0.031
0.031
0.031
0.031
0.031
0.031
0.031
0.018
0.018
0.018
0.5
0.5
0.5
1
1
1
1
1
1
1
1
1
1
1
1
1
1
0.6
0.6
0.6
0.6
0.6
0.6
0.6
0.6
0.6
0.6
0.6
0.6
0.6
0.6
0.6
0.6
0.6
0.6
0.6
0.6
0.6
0.6
0.6
0.6
0.6
0.6
0.6
0.6
0.6
0.6
0.6
0.6
0.6
0.6
0.6
0.6
0.6
0.6
0.6
0.6
0.6
0.6
0.6
0.6
0.6
0.6
0.6
0.6
0.6
0.6
0.6
0.6
0.6
0.001
0.001
0.001
0.001
0.001
0.001
0.6
0.6
0.6
0.6
0.6
0.6
0.6
0.6
0.6
0.6
0.6
0.6
0.001
0.001
0.001
0.001
0.001
0.001
0.002
0.002
0.002
0.002
0.002
0.002
0.002
0.002
0.002
0.002
0.002
0.002
0.002
0.002
0.001
0.001
0.001
0.6
0.6
0.6
0.001
0.001
0.001
0.001
0.001
0.001
0.001
0.001
0.001
0.001
0.001
0.001
0.001
0.001
0.6
0.6
0.6
0.6
0.6
0.6
0.6
0.6
0.6
0.6
0.6
0.6
0.6
0.6
0.6
0.6
0.6
0.6
0.6
0.6
0.6
0.6
0.6
0.6
0.6
0.6
0.6
0.6
0.6
0.6
0.6
0.6
0.6
0.6
0.6
0.6
0.6
0.6
0.6
0.6
0.6
0.6
0.6
0.6
0.6
0.6
0.6
0.6
0.6
0.6
0.6
0.6
0.6
0.6
0.6
0.6
0.6
0.6
0.6
0.6
0.6
0.6
0.6
0.6
0.6
0.6
0.6
0.6
0.6
0.6
0.6
0.6
0.6
0.6
0.6
0.6
0.6
1.8
1.8
1.8
1.8
1.8
1.8
1.3
1.3
1.3
1.3
0.4
0.4
0.4
0.4
0.4
0.4
0.4
0.4
0.6
0.6
0.6
0.6
0.6
0.6
0.6
0.6
0.6
1.2
1.2
1.2
1.2
1.2
1.2
1.2
0.4
0.4
0.3
0.3
0.3
0.3
0.3
0.3
0.3
0.3
0.3
0.3
0.3
0.3
0.3
0.3
0.3
0.3
0.3
0.3
0.3
0.3
0.3
0.3
0.3
0.3
0.3
0.3
0.3
0.3
0.3
0.077
0.077
0.077
0.077
0.077
0.3
0.3
0.3
0.3
0.3
0.3
0.3
0.3
0.3
0.3
0.3
0.3
0.045
0.045
0.045
0.045
0.045
0.045
0.045
0.045
0.045
0.045
0.045
0.045
0.045
0.045
0.3
0.3
0.3
0.3
0.3
0.3
0.3
0.3
0.3
0.3
0.3
0.3
0.3
0.3
0.3
0.3
0.3
0.3
0.3
0.3
0.3
0.3
0.3
0.3
0.3
0.3
0.3
0.3
0.3
0.3
0.3
0.3
0.3
0.3
0.3
0.3
0.3
0.3
0.3
0.3
0.3
0.3
0.3
0.3
0.001
0.001
0.001
0.001
0.001
0.001
0.001
0.001
0.001
0.001
0.001
0.001
0.001
0.001
0.001
0.001
0.001
0.001
0.001
0.001
0.002
0.002
0.002
0.002
0.002
0.002
0.002
0.002
0.002
0.002
0.002
0.004
0.004
0.004
0.004
0.004
0.2
0.2
0.2
0.2
0.2
0.2
0.2
0.2
0.2
0.2
0.2
0.2
0.2
0.2
0.2
0.2
0.2
0.2
0.2
0.2
0.2
0.2
0.2
0.2
0.2
0.2
0.2
0.2
0.2
0.2
0.2
0.2
0.034
0.034
0.034
0.034
0.034
0.034
0.034
0.034
0.034
0.034
0.034
0.034
0.006
0.006
0.006
0.006
0.006
0.006
0.006
0.006
0.006
0.006
0.3
0.3
0.3
0.3
0.3
0.3
0.3
0.3
0.3
0.3
0.3
0.3
0.3
0.3
0.3
0.3
0.005
0.3
0.005
0.005
0.3
0.3
0.006
0.3
0.3
0.006
0.3
0.006
1
1
1
0.008
0.008
0.008
0.001
0.001
0.001
0.001
0.001
0.001
0.009
0.009
0.009
0.009
0.009
0.008
0.008
0.008
0.009
0.009
0.008
0.008
0.008
0.008
0.008
0.015
0.015
0.015
0.015
0.015
0.015
0.007
0.007
0.004
0.004
0.004
0.006
0.004
0.004
0.004
0.004
0.004
0.003
0.004
0.002
0.001
0.005
0.005
0.005
0.005
0.004
0.004
0.004
0.004
0.001
0.001
0.001
0.001
0.006
0.004
0.004
0.004
0.004
0.002
0.002
0.002
0.002
0.002
0.002
0.002
0.002
0.005
0.002
0.002
0.002
0.002
0.002
0.002
0.002
0.001
0.001
0.001
0.001
0.001
0.001
0.001
0.001
0.001
0.001
0.001
0.016
0.016
0.016
0.016
0.016
0.016
0.016
0.016
0.016
0.016
0.016
0.016
0.016
0.016
0.016
0.016
0.016
0.016
0.016
0.017
0.017
0.017
0.017
0.017
0.017
0.017
0.017
0.017
0.017
0.017
0.017
0.017
0.017
0.017
0.017
0.017
0.017
0.014
0.014
0.014
0.014
0.014
0.014
0.014
0.001
0.001
0.001
0.001
0.001
0.001
0.001
0.001
0.001
0.001
0.001
0.001
0.001
0.001
0.001
0.001
0.001
0.001
0.001
0.016
0.016
0.001
0.016
0.016
0.016
0.016
0.004
0.004
0.004
0.004
0.004
0.004
0.001
0.001
0.001
0.001
0.001
