0.001
0.001
0.001
0.001
0.001
0.001
0.5
0.5
0.5
0.5
0.5
0.4
0.4
0.4
0.4
0.4
0.4
0.4
0.4
0.4
0.4
0.7
0.7
0.7
0.7
0.7
0.6
0.6
0.6
0.6
0.6
3.4
3.4
3.4
3.4
3.4
0.4
0.4
0.4
0.4
0.4
0.1
0.1
0.1
0.1
0.1
0.3
0.3
0.3
0.3
0.3
0.2
0.2
0.2
0.2
0.2
1.4
4.9
4.9
4.9
4.9
0.075
0.075
0.075
0.075
0.075
0.075
0.1
0.4
0.4
0.4
0.4
0.4
0.4
0.7
0.7
0.7
0.7
0.7
0.7
0.7
0.7
0.7
0.7
0.7
0.7
0.7
0.7
0.7
0.7
0.7
1.6
1.6
1.6
1.6
1.6
1.6
0.9
0.9
1.5
1.5
1.5
1.5
1.5
1.5
1.5
1.5
1.5
1.5
1.5
1.5
0.5
0.5
0.5
0.5
0.5
0.5
0.7
0.7
0.7
0.7
0.7
0.7
0.7
0.7
0.7
0.7
0.7
0.7
0.5
0.5
0.5
0.5
0.5
0.5
11.1
11.1
11.1
11.1
1.9
1.9
1.9
1.9
1.9
1.9
1.4
1.4
1.4
1.4
1.4
1.4
0.5
0.5
0.5
0.5
0.5
2.3
2.3
2.3
2.3
2.3
2.3
2
2
2
2
2
2.1
2.1
2.1
2.1
2.1
1.6
1.6
1.6
1.6
1.6
1.6
0.7
0.7
0.7
0.7
0.7
0.7
4.5
4.5
0.009
0.001
0.001
