0.3
0.3
0.3
0.3
1.5
1.5
1.5
1.5
1.6
1.6
1.6
1.6
2.8
2.8
2.8
5
5
5
5
4.3
4.3
4.3
4.3
3.2
3.2
3.2
3.2
2.5
2.5
2.5
2
2
2
2
2.6
2.6
2.6
2.6
4.7
4.7
4.7
4.7
0.8
0.8
0.8
0.8
5.8
5.8
5.8
5.8
1.7
1.7
1.7
1.7
0.042
0.042
0.042
0.042
0.5
0.5
0.5
0.5
17.7
17.7
17.7
17.7
17.7
17.7
17.7
17.7
0.5
0.5
0.5
0.006
0.006
0.006
0.006
0.5
0.5
0.5
0.002
0.002
0.002
0.002
0.5
0.5
0.5
0.5
0.003
0.003
0.003
0.005
0.005
0.005
0.001
0.001
0.001
0.001
0.016
0.016
0.016
0.005
0.005
0.005
0.5
0.5
0.5
0.5
0.5
0.5
0.5
0.019
0.019
0.019
0.019
0.5
0.5
0.5
0.5
0.5
0.5
0.5
0.5
0.034
0.034
0.034
0.034
0.5
0.5
0.5
0.5
0.5
0.5
0.5
0.5
0.5
0.5
0.5
0.012
0.012
0.012
0.012
0.024
0.024
0.024
0.5
0.5
0.5
0.5
0.024
0.024
0.024
0.5
0.5
1.2
1.2
1.2
1.2
1.3
1.3
1.3
1.3
0.001
0.001
0.001
0.001
0.5
0.5
0.5
0.5
0.004
0.004
0.004
0.004
0.5
0.5
0.5
0.5
0.003
0.003
0.5
0.5
0.5
0.5
1.2
1.2
1.2
1.2
10.2
10.2
10.2
10.2
12.2
6.2
6.2
6.2
6.2
0.9
0.9
0.9
0.9
1.9
1.9
1.9
1.9
1.4
1.4
1.4
1.4
4.9
4.9
4.9
4.9
4.7
4.7
4.7
2.5
2.5
2.5
0.003
0.003
0.003
0.003
0.004
0.004
0.004
0.004
0.003
0.003
0.003
0.003
0.002
0.002
0.002
0.002
0.002
0.002
0.002
0.002
0.007
0.007
0.007
0.007
0.002
0.002
0.002
0.002
0.002
0.002
0.002
0.002
0.001
0.001
0.001
0.001
0.003
0.003
0.003
0.003
0.001
0.001
0.001
0.001
0.008
0.008
0.008
0.008
0.01
0.01
0.01
0.01
0.001
0.001
0.001
0.001
0.001
0.001
0.001
0.001
0.001
0.001
0.001
0.001
0.001
0.001
0.001
0.001
0.001
0.001
0.001
0.001
0.005
0.005
0.005
0.005
0.004
0.004
0.004
0.004
0.002
0.002
0.002
0.002
0.001
0.001
0.001
0.001
0.001
0.001
0.001
0.001
0.086
0.086
0.086
0.086
0.089
0.089
0.089
0.089
0.088
0.088
0.088
0.087
0.087
0.087
0.001
0.001
0.001
0.001
0.002
0.002
0.002
0.001
0.001
0.001
0.001
0.004
0.004
0.004
0.004
0.004
0.004
0.004
0.024
0.024
0.024
0.024
0.021
0.021
0.021
0.021
0.001
0.001
0.001
0.001
0.001
0.001
0.001
0.001
0.001
0.001
0.019
0.019
0.019
0.019
0.001
0.001
0.001
0.001
0.001
0.001
0.001
0.001
0.001
0.001
0.001
0.001
0.007
0.007
0.007
0.001
0.001
0.001
0.001
0.001
0.004
0.004
0.004
0.1
0.1
0.1
0.1
0.1
0.1
0.1
0.1
0.002
0.002
0.002
0.002
0.009
0.009
0.009
0.002
0.002
0.002
0.002
0.001
0.001
0.001
0.001
0.003
0.003
0.003
0.003
0.001
0.001
0.001
0.001
0.038
0.001
0.036
0.036
0.036
0.002
0.034
0.034
0.033
0.033
0.033
0.033
0.001
0.001
0.001
0.005
0.005
0.005
0.005
0.005
0.1
0.1
0.005
0.005
0.005
0.002
0.002
0.002
0.1
0.1
0.1
0.1
0.025
0.025
0.025
0.025
0.018
0.018
0.018
0.018
0.017
0.017
0.017
0.017
0.094
0.094
0.094
0.094
0.1
0.1
0.1
0.1
0.1
0.1
0.1
0.1
0.1
0.1
0.007
0.007
0.007
0.007
0.009
0.009
0.009
0.009
0.021
0.021
0.021
0.031
0.031
0.031
0.031
0.001
0.001
0.001
0.001
0.002
0.002
0.002
0.1
0.1
0.1
0.1
0.1
0.1
0.1
0.1
0.094
0.094
0.094
0.094
0.1
0.1
0.1
0.1
0.1
0.1
0.1
0.1
0.1
0.1
0.1
0.007
0.007
0.007
0.007
0.002
0.002
0.002
0.002
0.002
0.002
0.002
0.006
0.006
0.006
0.006
0.001
0.001
0.001
0.001
0.003
0.003
0.001
0.001
0.001
0.001
0.005
0.005
0.005
0.005
0.011
0.011
0.011
0.011
2.5
2.5
2.5
2.5
2.5
2.5
2.5
2.5
1.1
1.1
1.1
1.1
0.1
0.1
0.1
0.1
3
3
3
3
0.1
0.1
0.1
0.1
0.1
0.1
0.006
0.006
0.006
0.006
0.001
0.001
0.001
0.007
0.007
0.007
0.007
0.004
0.004
0.004
0.017
0.017
0.017
0.017
0.001
0.001
0.001
0.009
0.009
0.009
0.009
0.001
0.001
0.001
0.001
0.006
0.006
0.006
1.9
1.9
1.9
1.9
3
3
3
3
2.3
2.3
2.3
2.3
3.8
3.8
3.8
3.8
1.2
1.2
1.2
1.2
0.001
0.001
0.001
0.001
0.013
0.013
0.013
0.013
0.001
0.001
0.001
0.001
0.001
0.001
0.001
0.001
0.001
0.001
0.001
0.001
0.009
0.009
0.009
0.009
0.018
0.018
0.018
0.018
