0.001
0.001
0.001
0.001
0.001
0.001
0.001
0.001
0.001
0.001
0.001
0.001
0.001
0.001
0.001
0.001
0.001
0.001
0.001
0.001
0.003
0.003
0.003
0.003
0.003
0.003
0.003
0.003
0.003
0.003
0.003
0.003
0.003
0.003
0.003
0.003
0.003
0.003
0.003
0.003
0.5
0.5
0.5
0.5
0.5
0.5
0.5
0.5
0.5
0.5
0.5
0.5
0.5
0.5
0.5
0.5
0.5
0.9
0.9
0.9
0.9
0.9
0.9
0.9
0.9
0.9
0.9
0.9
0.9
0.9
0.9
0.9
0.9
0.9
0.9
0.9
0.9
0.9
0.9
0.9
0.9
0.9
0.9
0.9
0.9
0.9
0.9
0.9
0.02
0.02
0.02
0.02
0.5
0.5
0.5
0.5
0.5
0.5
0.5
0.9
0.9
0.9
0.9
0.9
0.9
0.9
0.9
0.9
0.9
0.9
0.9
0.9
0.001
0.001
0.001
0.001
0.001
0.001
0.001
0.001
0.001
0.001
0.001
0.001
0.001
0.001
0.001
0.001
0.001
0.001
0.001
0.003
0.003
0.003
0.003
0.003
0.003
0.003
0.003
0.003
0.003
0.003
0.003
0.003
0.5
0.5
0.5
0.5
0.5
0.5
0.5
0.5
0.5
0.5
0.5
0.5
0.5
0.5
0.5
0.5
0.5
0.9
0.9
0.003
0.9
0.9
0.9
0.002
0.002
0.001
0.002
0.9
0.9
0.9
0.022
0.9
0.025
0.9
0.011
0.9
0.9
0.009
0.004
0.9
0.9
0.005
0.005
0.001
0.067
0.067
0.067
0.006
0.007
0.007
0.059
0.059
0.059
0.5
0.5
0.5
0.9
0.9
0.002
0.9
0.011
0.011
0.9
0.014
0.014
0.9
0.005
0.005
0.005
0.022
0.022
0.9
0.9
0.5
0.5
0.5
0.094
0.5
0.071
0.5
0.5
0.5
0.9
0.5
0.4
0.083
0.083
0.083
0.5
0.5
0.009
0.009
0.009
0.9
0.9
0.9
0.072
0.4
0.4
0.4
0.003
0.003
0.003
0.9
0.002
0.002
0.9
0.5
0.4
0.016
0.9
0.005
0.9
0.013
0.013
20.4
20.4
20.4
0.016
0.5
0.5
0.5
0.5
0.5
0.5
0.5
0.5
0.5
0.5
0.5
0.5
5.6
5.6
5.6
5.6
4.9
4.9
4.9
22.2
22.2
22.2
22.2
22.2
0.013
0.013
0.013
0.013
0.013
