0.006
0.001
0.001
0.1
0.1
0.1
0.002
0.002
0.1
0.1
0.049
0.049
0.049
0.049
0.049
0.1
0.1
0.1
0.1
0.1
0.058
0.058
0.058
0.058
0.058
0.048
0.048
0.048
0.048
0.048
0.06
0.06
0.06
0.06
0.06
0.056
0.056
0.056
0.056
0.056
0.046
0.046
0.046
0.046
0.046
0.016
0.016
0.016
0.016
0.016
2.1
2.1
2.1
1.3
1.3
1.3
1.3
1.3
1.3
1.3
1.3
1.3
1.3
1.3
1.3
1.9
2
0.1
0.4
0.6
0.6
0.6
0.001
0.001
0.6
0.6
0.6
0.6
0.6
0.6
1.2
1.2
1.2
1.2
0.6
0.6
0.6
0.6
0.6
0.6
0.6
0.6
0.6
0.6
0.6
0.6
0.6
0.6
0.6
0.6
1
1
1
1
0.4
0.4
0.4
0.4
0.7
0.7
0.7
0.7
0.3
0.3
0.3
0.082
0.082
0.082
0.082
0.4
0.4
0.4
0.4
0.4
0.4
0.4
0.3
0.3
0.3
0.3
0.5
0.5
0.5
0.5
0.077
0.077
0.077
0.077
0.077
0.077
0.077
0.077
0.059
0.059
0.059
0.059
0.052
0.052
0.052
0.052
0.1
0.1
0.1
0.1
0.074
0.074
0.074
0.074
0.054
0.054
0.054
0.054
0.1
0.1
0.1
0.1
0.3
0.3
0.3
0.3
0.6
0.6
0.6
0.6
0.4
0.4
0.4
0.4
1.1
1.1
1.1
1.1
0.5
0.5
0.5
0.5
0.7
0.7
0.7
0.7
0.3
0.3
0.3
0.3
0.3
0.3
0.5
0.5
0.5
0.5
0.2
0.2
0.2
0.2
0.3
0.3
0.3
0.3
0.4
0.4
0.4
0.5
0.5
0.5
0.2
1.3
1.3
1.3
1.3
1.5
1.5
1.5
1.5
1.6
1.6
1.6
1.6
1.6
1.6
1.6
1.6
0.8
0.8
0.8
0.8
0.024
0.024
0.024
0.024
0.1
0.1
0.1
0.1
0.8
0.8
0.8
0.8
1.9
1.9
1.9
1.6
1.6
1.6
1.6
0.1
0.1
0.1
0.1
0.7
0.7
0.7
0.7
0.7
0.7
0.7
0.7
0.4
0.4
0.4
0.4
0.1
0.1
0.1
0.1
0.7
0.7
0.7
0.7
0.6
0.6
0.6
0.6
0.6
0.6
0.8
0.8
0.8
1.2
1.2
1.2
0.9
0.9
0.9
0.9
0.5
0.5
0.5
0.5
0.075
0.1
0.1
0.1
0.1
0.1
0.1
0.1
0.1
1.8
1.8
1.8
1.8
0.4
0.4
0.4
0.4
0.4
0.4
0.4
0.4
0.094
0.094
0.094
0.094
0.1
0.1
0.1
0.1
0.1
0.1
0.1
0.1
0.1
0.1
0.1
0.1
0.9
0.9
0.9
0.9
0.7
0.7
0.4
0.4
0.1
0.1
0.1
0.1
0.1
0.1
0.1
1.3
1.9
1.9
0.1
1.9
1.8
1.9
1.7
1.7
1.7
0.1
0.034
0.087
0.3
0.3
0.3
2.2
2.2
2.2
1.5
1.5
1.5
1.5
1.5
1.5
1.5
1.5
1.5
1.5
2.5
2.5
2.5
2.5
1.2
1.2
1.2
1.2
1.2
1.2
1.2
1.1
1.1
1.1
1.1
1.2
1.2
1.2
1.2
2.6
2.6
2.6
2.6
1.3
1.3
1.3
1.3
1.3
1.3
1.3
1.3
0.8
0.8
0.8
0.8
0.087
0.087
0.087
0.087
0.1
0.1
0.1
0.1
0.9
0.9
0.9
0.9
0.2
0.2
0.2
0.2
0.5
0.5
0.5
0.5
0.8
0.8
0.8
0.8
5.1
5.1
5.1
5.1
4.2
4.2
4.2
4.2
4.1
4.1
4.1
4.1
4.1
4.1
4.1
4.1
4.1
4.1
4.1
4.1
4.1
4.1
4.1
4.1
4.1
4.1
4.1
3.9
4.1
3.9
0.2
4.7
1
4.3
4.3
0.2
0.2
0.8
4.8
0.6
0.6
1.1
1.4
1.6
0.5
0.5
0.5
0.2
0.5
0.5
0.7
0.7
0.7
0.7
0.4
0.4
0.4
0.5
0.5
0.5
0.5
1.2
1.2
1.4
1.4
0.2
0.2
0.2
0.2
0.2
0.3
0.1
0.2
0.092
0.092
0.072
0.072
0.072
0.072
2
2.1
2.1
2.1
2.1
0.061
0.061
0.061
0.061
0.1
0.1
0.1
0.1
0.2
0.2
0.2
0.2
0.2
0.2
0.2
0.2
0.2
0.2
0.2
0.2
0.2
0.2
0.2
0.2
0.2
0.2
0.2
0.2
0.2
0.2
0.2
0.2
0.2
0.2
0.2
0.2
0.2
0.2
0.2
0.2
0.2
0.2
0.2
0.2
0.2
0.2
0.2
0.2
0.2
0.2
0.2
0.2
0.1
0.1
0.1
0.1
0.057
0.057
0.057
0.057
0.047
0.047
0.047
0.047
0.1
0.1
0.1
0.1
0.1
0.1
0.1
0.1
0.1
0.1
0.1
0.1
0.076
0.076
0.065
0.065
0.065
0.065
0.1
0.1
0.1
0.1
0.057
0.1
0.1
0.1
0.1
0.1
0.1
0.1
0.1
0.1
0.1
0.1
0.1
0.1
0.1
0.1
0.1
0.1
0.1
0.1
0.1
0.1
0.1
0.1
0.07
0.07
0.07
0.07
0.1
0.1
0.1
0.1
0.1
0.1
0.1
0.1
0.2
0.2
0.2
0.2
0.2
0.2
0.2
0.2
0.2
0.2
0.2
0.2
0.2
0.2
0.2
0.2
0.076
0.076
0.076
0.076
0.06
0.06
0.06
0.06
0.091
0.091
0.091
0.091
0.079
0.079
0.079
0.079
0.069
0.049
0.049
0.1
0.1
0.1
0.1
0.1
0.1
0.1
0.2
0.2
0.2
0.2
0.2
0.2
0.2
0.2
0.2
0.2
0.2
0.1
0.081
0.081
0.081
0.081
0.088
0.2
0.093
0.5
0.5
0.2
0.2
0.2
0.2
0.3
0.3
0.2
0.2
0.2
1.3
0.3
1.2
1.2
1.2
1.2
0.2
0.2
0.2
0.2
1.6
1.6
1.6
1
1
0.7
0.7
0.2
0.2
0.2
0.2
0.2
0.2
0.2
0.2
0.2
0.2
0.2
0.2
0.2
0.2
0.2
0.2
0.2
0.2
0.2
0.2
0.2
0.2
0.2
0.1
0.1
0.1
0.1
0.1
0.1
0.1
0.1
0.2
0.2
0.2
0.2
0.2
0.2
0.2
0.2
0.2
0.2
0.2
0.2
0.2
0.2
0.2
0.2
0.2
0.2
0.2
0.2
0.2
0.2
0.2
0.2
0.2
0.2
0.2
0.2
0.2
0.2
0.2
0.2
0.2
0.2
0.2
0.1
0.1
0.1
0.1
0.2
0.2
0.2
0.2
0.2
0.2
0.2
0.2
0.2
0.2
0.2
0.2
0.2
0.2
0.2
0.2
0.2
0.2
0.2
0.2
0.2
0.2
0.2
0.2
0.2
0.2
0.2
0.2
0.2
0.2
0.2
0.2
0.2
0.2
0.2
0.2
0.2
0.2
0.2
0.2
0.2
0.2
0.2
0.2
0.2
0.2
0.2
0.2
0.2
0.2
0.2
0.1
0.1
0.1
0.1
0.1
0.1
0.1
0.1
0.1
0.1
0.2
0.2
0.2
0.2
0.2
0.2
0.1
0.1
0.1
0.1
0.2
0.3
0.5
0.2
0.2
0.2
0.2
0.2
0.2
0.2
0.2
0.2
0.2
0.2
0.2
0.2
0.2
0.2
0.1
0.1
0.1
0.1
0.1
0.1
0.1
0.1
0.1
0.1
0.1
0.1
0.2
0.2
0.2
0.2
0.2
0.2
0.2
0.2
0.1
0.1
0.2
0.2
0.2
0.2
0.2
0.2
0.3
0.3
0.3
0.3
0.3
0.1
0.1
0.1
0.1
0.1
0.1
0.1
0.1
0.1
0.1
0.1
0.1
0.1
0.1
0.1
0.1
0.1
0.1
0.1
0.1
0.052
0.052
0.052
0.052
0.033
0.033
0.033
0.033
0.033
0.1
0.1
0.1
0.1
0.1
0.1
0.1
0.1
0.1
0.1
0.084
0.084
0.1
0.1
0.1
0.1
0.1
0.2
0.2
0.2
0.2
0.2
0.2
0.2
0.2
0.2
0.2
0.1
0.1
0.1
0.1
0.1
0.086
0.086
0.086
0.086
0.086
0.055
0.055
0.055
0.055
0.055
0.063
0.063
0.063
0.063
0.063
0.093
0.093
0.093
0.093
0.093
0.1
0.1
0.1
0.1
0.1
0.089
0.089
0.089
0.089
0.089
0.087
0.087
0.087
0.087
0.087
0.076
0.035
0.035
0.035
0.035
0.035
0.032
0.032
0.032
0.032
0.064
0.064
0.064
0.064
0.064
0.1
0.1
0.1
0.1
0.1
0.1
0.1
0.1
0.1
0.1
0.1
0.1
0.1
0.1
0.1
0.1
0.1
0.1
0.1
0.1
0.1
0.1
0.1
0.2
0.2
0.2
0.2
0.2
0.1
0.1
0.1
0.092
0.092
0.092
0.092
0.092
0.061
0.061
0.061
0.061
0.061
0.022
0.022
0.022
0.022
0.022
0.036
0.036
0.036
0.036
0.036
0.082
0.082
0.082
0.082
0.082
0.1
0.1
0.1
0.1
0.1
0.091
0.091
0.091
0.091
0.091
0.091
0.091
0.091
0.091
0.091
0.1
0.1
0.1
0.1
0.1
0.1
0.1
0.1
0.1
0.1
0.082
0.082
0.082
0.082
0.082
0.054
0.054
0.054
0.054
0.054
0.057
0.057
0.057
0.057
0.057
0.068
0.068
0.068
0.068
0.068
0.036
0.036
0.036
0.036
0.036
0.043
0.043
0.043
0.043
0.043
0.034
0.034
0.034
0.034
0.034
0.027
0.027
0.027
0.027
0.027
0.027
0.027
0.027
0.027
0.027
0.1
0.1
0.1
0.1
0.1
0.054
0.054
0.054
0.054
0.054
0.073
0.073
0.073
0.073
0.073
0.1
0.1
0.1
0.1
0.1
0.04
0.04
0.04
0.04
0.04
0.074
0.074
0.074
0.074
0.074
0.084
0.084
0.084
0.084
0.084
0.069
0.069
0.069
0.069
0.069
0.029
0.029
0.029
0.029
0.029
0.034
0.034
0.034
0.034
0.034
0.006
0.006
0.006
0.006
0.006
0.5
0.5
0.5
0.5
0.5
0.9
0.9
0.9
0.9
0.9
0.9
0.9
0.9
0.9
0.9
0.9
0.9
0.9
