0.001
0.002
0.002
0.002
0.002
0.002
0.002
0.001
0.001
0.001
0.001
0.001
0.001
0.001
0.001
0.001
0.001
0.001
0.001
0.001
0.001
0.001
0.001
0.001
0.001
0.001
0.001
0.001
0.001
0.001
0.001
0.001
0.001
0.001
0.001
0.001
0.001
0.001
0.001
0.001
0.001
0.001
0.001
0.001
0.001
0.001
0.001
0.001
0.001
0.001
0.001
0.054
0.054
0.054
0.003
0.003
0.003
0.051
0.051
0.051
0.051
0.051
0.051
0.054
0.032
0.033
0.033
0.033
0.033
0.033
0.033
0.033
0.033
0.033
0.033
0.033
0.033
0.033
0.033
0.033
0.033
0.033
0.033
0.033
0.033
0.033
0.033
0.033
0.033
0.033
0.033
0.033
0.033
0.034
