18.5119755,73.9236166
18.5116049,73.9230517
18.5119305,73.9236166
18.5115986,73.9230482
18.5115833,73.9230422
18.5115986,73.9230482
18.5115833,73.9230422
18.5115833,73.9230422
18.5119411,73.9234788
18.5119411,73.9234788
18.5114959,73.9230314
18.5114551,73.9230157
18.5114551,73.9230157
18.5114551,73.9230157
18.5114551,73.9230157
18.5114413,73.9230101
18.5114413,73.9230101
18.5114413,73.9230101
18.5119265,73.9235707
18.5119265,73.9235707
18.5119265,73.9235707
18.5119265,73.9235707
18.5119265,73.9235707
18.5119265,73.9235707
18.5119265,73.9235707
18.5119265,73.9235707
18.5119265,73.9235707
18.5113042,73.9230058
18.5113042,73.9230058
18.5113042,73.9230058
18.5113042,73.9230058
18.5113042,73.9230058
18.5113042,73.9230058
18.5113042,73.9230058
18.5113042,73.9230058
18.5113042,73.9230058
18.5113042,73.9230058
18.5113042,73.9230058
18.5113042,73.9230058
18.5113042,73.9230058
18.5113042,73.9230058
18.5113042,73.9230058
18.5113042,73.9230058
18.5113042,73.9230058
18.5113042,73.9230058
18.5113042,73.9230058
18.5119285,73.9235936
18.5119285,73.9235936
18.5119285,73.9235936
18.5119285,73.9235936
18.5112184,73.923042
18.5112184,73.923042
18.5112184,73.923042
18.5112184,73.923042
18.5112184,73.923042
18.5112184,73.923042
18.5112184,73.923042
18.5112184,73.923042
18.5112184,73.923042
18.5112184,73.923042
18.5112184,73.923042
18.5112184,73.923042
18.5112184,73.923042
18.5112184,73.923042
18.5112184,73.923042
18.5112184,73.923042
18.5112184,73.923042
18.5112184,73.923042
18.5119735,73.9235936
18.5119735,73.9235936
18.5119735,73.9235936
18.5119735,73.9235936
18.5119735,73.9235936
18.5119735,73.9235936
18.5119735,73.9235936
18.5119735,73.9235936
18.5119735,73.9235936
18.5109389,73.9228962
18.5109389,73.9228962
18.5109389,73.9228962
18.5109389,73.9228962
18.5109389,73.9228962
18.5109389,73.9228962
18.5109389,73.9228962
18.5109389,73.9228962
18.5109389,73.9228962
18.5109389,73.9228962
18.5109389,73.9228962
18.5109389,73.9228962
18.5109389,73.9228962
18.5109389,73.9228962
18.5109389,73.9228962
18.5109389,73.9228962
18.5109389,73.9228962
18.5119285,73.9235936
18.5119285,73.9235936
18.5119285,73.9235936
18.5119285,73.9235936
18.5119285,73.9235936
18.5108922,73.9229133
18.5108922,73.9229133
18.5108922,73.9229133
18.5108922,73.9229133
18.5108922,73.9229133
18.5108922,73.9229133
18.5108922,73.9229133
18.5108922,73.9229133
18.5108922,73.9229133
18.5108922,73.9229133
18.5108922,73.9229133
18.5108922,73.9229133
18.5108922,73.9229133
18.5108922,73.9229133
18.5108922,73.9229133
18.5108922,73.9229133
18.5108922,73.9229133
18.5108922,73.9229133
18.511996,73.9235936
18.511996,73.9235936
18.511996,73.9235936
18.511996,73.9235936
18.511996,73.9235936
18.511996,73.9235936
18.511996,73.9235936
18.511996,73.9235936
18.511996,73.9235936
18.5108854,73.9229327
18.5108854,73.9229327
18.5108854,73.9229327
18.5108854,73.9229327
18.5108854,73.9229327
18.5108854,73.9229327
18.5108854,73.9229327
18.5108854,73.9229327
18.5108854,73.9229327
18.5108854,73.9229327
18.5108854,73.9229327
18.5108854,73.9229327
18.5119633,73.9236051
18.5119633,73.9236051
18.5119696,73.9235791
18.5119696,73.9235791
18.5119696,73.9235791
18.5119696,73.9235791
18.5119696,73.9235791
18.5119696,73.9235791
18.5119696,73.9235791
18.5119696,73.9235791
18.5119696,73.9235791
18.5108671,73.9230556
18.5108671,73.9230556
18.5108671,73.9230556
18.5108671,73.9230556
18.5108671,73.9230556
18.5108671,73.9230556
18.5108671,73.9230556
18.5108671,73.9230556
18.5108671,73.9230556
18.5108671,73.9230556
18.511953,73.9236166
18.511953,73.9236166
18.511953,73.9236166
18.511953,73.9236166
18.511953,73.9236166
18.511953,73.9236166
18.511953,73.9236166
18.5119775,73.9236396
18.5119775,73.9236396
18.5119775,73.9236396
18.5119775,73.9236396
18.5119775,73.9236396
18.5119775,73.9236396
18.5119775,73.9236396
18.5119775,73.9236396
18.5119775,73.9236396
18.5109212,73.9235199
18.5109212,73.9235199
18.5109212,73.9235199
18.5109212,73.9235199
18.5109212,73.9235199
18.5109212,73.9235199
18.5109212,73.9235199
18.5109212,73.9235199
18.5109212,73.9235199
18.5109212,73.9235199
18.5109212,73.9235199
18.5109212,73.9235199
18.5109212,73.9235199
18.5109212,73.9235199
18.5109212,73.9235199
18.5109212,73.9235199
18.5109212,73.9235199
18.5109212,73.9235199
18.5109212,73.9235199
18.5119755,73.9236166
18.5119755,73.9236166
18.5119755,73.9236166
18.5119755,73.9236166
18.5119755,73.9236166
18.5119755,73.9236166
18.5119755,73.9236166
18.5109267,73.9236272
18.5109267,73.9236272
18.5109267,73.9236272
18.5109267,73.9236272
18.5109267,73.9236272
18.5109267,73.9236272
18.5109267,73.9236272
18.5109267,73.9236272
18.5109267,73.9236272
18.5109267,73.9236272
18.5109267,73.9236272
18.5109267,73.9236272
18.5109267,73.9236272
18.5109267,73.9236272
18.5109267,73.9236272
18.5109267,73.9236272
18.5109267,73.9236272
18.5109267,73.9236272
18.5109267,73.9236272
18.511949,73.9235707
18.511949,73.9235707
18.511949,73.9235707
18.511949,73.9235707
18.511949,73.9235707
18.511949,73.9235707
18.511949,73.9235707
18.511949,73.9235707
18.511949,73.9235707
18.5119633,73.9236051
18.5119633,73.9236051
18.5108848,73.9238358
18.5108848,73.9238358
18.5108848,73.9238358
18.5108848,73.9238358
18.5108848,73.9238358
18.5108848,73.9238358
18.5108848,73.9238358
18.5108848,73.9238358
18.5108848,73.9238358
18.5108848,73.9238358
18.5108848,73.9238358
18.5108848,73.9238358
18.5108848,73.9238358
18.5108848,73.9238358
18.5108848,73.9238358
18.5108848,73.9238358
18.5108848,73.9238358
18.5109244,73.923953
18.5109244,73.923953
18.5109244,73.923953
18.5109244,73.923953
18.5109244,73.923953
18.5109244,73.923953
18.5109244,73.923953
18.5109244,73.923953
18.5109244,73.923953
18.5109244,73.923953
18.5109244,73.923953
18.5109244,73.923953
18.5109244,73.923953
18.5109244,73.923953
18.5109244,73.923953
18.5109244,73.923953
18.5109244,73.923953
18.5109244,73.923953
18.5109244,73.923953
18.511998,73.9236166
18.511998,73.9236166
18.511998,73.9236166
18.511998,73.9236166
18.511998,73.9236166
18.511998,73.9236166
18.511998,73.9236166
18.511998,73.9236166
18.510964,73.9240366
18.510964,73.9240366
18.510964,73.9240366
18.5119285,73.9235936
18.5119285,73.9235936
18.5119285,73.9235936
18.5119285,73.9235936
18.5119285,73.9235936
18.5119285,73.9235936
18.5119285,73.9235936
18.5119285,73.9235936
18.5119285,73.9235936
18.5109589,73.9241533
18.5109589,73.9241533
18.5109589,73.9241533
18.5109589,73.9241533
18.5109589,73.9241533
18.5109589,73.9241533
18.5109589,73.9241533
18.5109589,73.9241533
18.5109589,73.9241533
18.5109589,73.9241533
18.5109589,73.9241533
18.5109589,73.9241533
18.5109589,73.9241533
18.5109589,73.9241533
18.5109589,73.9241533
18.5109589,73.9241533
18.5109589,73.9241533
18.5109589,73.9241533
18.5109589,73.9241533
18.5119143,73.9235592
18.5119143,73.9235592
18.5119143,73.9235592
18.5119143,73.9235592
18.5119143,73.9235592
18.5119143,73.9235592
18.5109105,73.9243078
18.511949,73.9235707
18.511949,73.9235707
18.511949,73.9235707
18.511949,73.9235707
18.511949,73.9235707
18.511949,73.9235707
18.511949,73.9235707
18.511949,73.9235707
18.5108961,73.9243938
18.5108961,73.9243938
18.5108961,73.9243938
18.5108961,73.9243938
18.5108961,73.9243938
18.5108961,73.9243938
18.5108961,73.9243938
18.5108961,73.9243938
18.5108961,73.9243938
18.5108961,73.9243938
18.5108961,73.9243938
18.5108961,73.9243938
18.5108961,73.9243938
18.5108961,73.9243938
18.5108961,73.9243938
18.5108961,73.9243938
18.5108961,73.9243938
18.5108961,73.9243938
18.5119183,73.9236051
18.5119183,73.9236051
18.5119183,73.9236051
18.5119183,73.9236051
18.5119183,73.9236051
18.5119183,73.9236051
18.5119183,73.9236051
18.5119183,73.9236051
18.5119183,73.9236051
18.5107392,73.9249269
18.511808,73.9235018
18.511808,73.9235018
18.511808,73.9235018
18.511808,73.9235018
18.511808,73.9235018
18.511808,73.9235018
18.511808,73.9235018
