0.012
0.015
0.015
0.015
0.015
0.013
0.013
0.013
0.013
0.021
0.021
0.021
0.021
0.022
0.022
0.022
0.022
0.016
0.016
0.016
0.016
0.017
0.017
0.017
0.017
0.019
0.019
0.019
0.019
0.017
0.017
0.017
0.017
0.016
0.016
0.016
0.016
0.017
0.017
0.017
0.017
0.017
0.017
0.017
0.017
0.015
0.015
0.015
0.015
0.015
0.015
0.015
0.015
0.019
0.019
0.019
0.019
0.015
0.015
0.015
0.015
0.018
0.018
0.018
0.018
0.018
0.018
0.018
0.018
0.015
0.015
0.015
0.015
0.02
0.02
0.02
0.02
0.02
0.02
0.02
0.02
0.012
0.012
0.012
0.012
0.019
0.019
0.019
0.019
0.01
0.01
0.01
0.089
0.089
0.089
0.089
0.094
0.094
0.094
0.094
0.1
0.1
0.1
0.1
0.014
0.014
0.014
0.014
0.019
0.019
0.019
0.019
0.016
0.016
0.016
0.016
0.018
0.018
0.018
0.018
0.015
0.015
0.015
0.015
0.017
0.017
0.017
0.017
0.013
0.013
0.013
0.013
0.015
0.015
0.015
0.015
0.017
0.017
0.017
0.019
0.019
0.019
0.019
0.01
0.01
0.01
0.01
0.7
0.7
0.7
0.7
0.007
0.006
0.006
0.006
0.006
