0.023
0.023
0.023
0.023
0.023
0.029
0.029
0.029
0.029
0.029
0.7
0.7
0.7
0.7
0.7
0.4
0.4
0.4
0.4
0.4
0.4
0.4
0.4
0.4
0.4
0.6
0.6
0.6
0.6
0.6
0.5
0.5
0.5
0.5
0.5
1.3
1.3
1.3
1.3
1.3
1.1
1.1
1.1
1.1
1.1
2.5
2.5
2.5
2.5
2.5
1.5
1.5
1.5
1.5
1.5
0.9
0.9
0.9
0.9
3
3
3
3
3
0.9
0.9
0.9
1.8
1.8
1.8
1.8
1.8
0.7
0.7
0.7
0.7
0.7
0.4
0.4
0.4
0.4
0.4
0.3
0.3
0.3
0.3
0.3
0.4
0.4
0.4
0.4
0.4
0.5
0.5
0.5
0.5
0.5
0.5
0.5
0.5
0.5
0.5
0.3
0.3
0.3
0.3
0.3
0.4
0.4
0.4
0.4
0.4
4.9
4.9
4.9
4.9
4.9
0.4
0.4
0.4
0.4
0.4
3.7
3.7
3.7
3.7
3.7
2.6
2.6
2.6
2.6
2.6
0.4
0.4
0.4
0.4
0.4
0.5
0.5
0.5
0.5
0.5
0.3
0.3
0.3
0.3
0.3
0.2
0.2
0.2
0.2
0.2
0.3
0.3
0.3
0.3
0.5
0.5
0.5
0.5
0.5
2.7
2.7
2.7
2.7
2.7
0.5
0.5
0.5
0.5
0.5
0.5
0.5
0.5
0.5
0.5
0.3
0.3
0.3
0.3
0.3
0.7
0.7
0.7
0.7
0.7
1.9
1.9
1.9
1.9
1.9
1.7
1.7
1.7
1.7
1.7
0.6
0.6
0.6
0.6
0.6
0.5
0.5
0.5
0.5
0.5
0.6
0.6
0.6
0.6
0.6
0.4
0.4
0.4
0.4
0.4
0.4
0.4
0.4
0.4
0.7
0.7
0.7
0.7
0.7
0.7
0.7
0.7
0.7
0.7
0.6
0.6
0.6
0.6
0.6
0.5
0.5
0.5
0.5
0.5
0.6
0.6
0.6
0.6
0.6
0.6
0.6
0.6
0.6
0.6
0.7
0.7
0.7
0.7
0.7
0.8
0.8
0.8
0.8
0.8
0.2
0.2
0.2
0.2
0.2
0.4
0.4
0.4
0.4
0.4
0.5
0.5
0.5
0.5
0.5
0.5
0.5
0.5
0.5
0.5
0.8
0.8
0.8
0.8
0.5
0.5
0.5
0.5
0.5
0.8
0.8
0.8
0.8
0.8
0.9
0.9
0.9
0.9
0.9
0.7
0.7
0.7
0.7
0.7
0.7
0.7
0.7
0.7
0.7
0.7
0.7
0.7
0.7
0.7
0.8
0.8
0.8
0.8
0.8
0.8
0.8
0.8
0.8
0.8
0.8
0.8
0.8
0.8
0.8
0.7
0.7
0.7
0.7
0.7
0.8
0.8
0.8
0.8
0.8
0.9
0.9
0.9
0.9
0.9
0.8
0.8
0.8
0.8
0.8
0.8
0.8
0.8
0.8
0.8
1.1
1.1
1.1
1.1
1.1
0.7
0.7
0.7
0.7
0.7
0.7
0.7
0.7
0.7
0.7
0.7
0.7
0.7
0.7
0.7
0.6
0.6
0.6
0.6
0.6
0.7
0.7
0.7
0.7
0.7
0.6
0.6
0.6
0.6
0.6
0.4
0.4
0.4
0.4
0.4
0.6
0.6
0.6
0.6
0.6
1.2
1.2
1.2
1.2
0.074
0.5
0.1
0.07
0.093
0.093
0.093
