0.001
0.001
0.001
0.003
0.011
0.009
0.006
0.006
0.008
0.002
0.001
0.002
0.003
0.001
0.002
0.001
0.02
0.1
0.3
0.2
0.062
0.008
0.3
0.2
0.2
0.4
0.9
1.8
1.6
0.2
0.1
0.3
0.3
0.04
0.3
1.3
1.4
1.5
1.4
0.051
1.1
1.8
1.1
1.7
1.5
0.7
1.2
0.001
0.001
0.001
0.001
0.001
0.001
0.001
0.001
0.001
0.001
0.001
0.001
0.001
0.001
0.001
0.001
0.001
0.001
0.002
0.001
0.003
0.001
0.001
0.004
0.001
0.005
0.004
0.005
0.005
0.001
0.002
0.001
0.002
0.001
0.001
0.031
0.014
0.014
0.003
0.003
0.003
0.021
0.023
0.023
0.4
0.072
0.7
0.1
0.9
0.002
1.6
0.9
0.9
0.001
0.001
1.6
1.6
1.6
0.001
0.002
0.001
0.001
0.037
0.019
0.014
