0.1
0.1
0.1
0.1
0.2
0.2
0.2
0.2
0.2
0.2
0.2
0.2
0.2
0.2
0.2
0.2
0.2
0.2
0.2
0.2
0.2
0.2
0.2
0.2
0.002
0.009
0.009
0.009
0.009
0.009
0.003
0.2
0.2
0.2
0.2
0.2
0.2
0.2
0.2
0.2
0.002
0.2
0.2
0.2
0.2
0.001
0.2
0.2
0.2
0.2
0.2
0.2
0.2
0.003
0.2
0.2
0.2
0.2
0.2
0.2
0.2
0.2
0.2
0.003
0.2
0.2
0.2
0.2
0.2
0.002
0.3
0.3
0.3
0.3
0.3
0.3
0.3
0.001
0.3
0.3
0.3
0.3
0.3
0.001
0.3
0.3
0.3
0.3
0.3
0.3
0.3
0.3
0.3
0.3
0.3
0.3
0.3
0.3
0.3
0.3
0.3
0.3
0.3
0.3
0.3
0.3
0.3
0.3
0.3
0.3
0.3
0.4
0.4
0.4
0.4
0.4
0.4
0.4
0.4
0.4
0.4
0.4
0.4
0.4
0.4
0.4
0.4
0.4
0.4
0.4
0.4
0.4
0.4
0.4
0.4
0.5
0.5
0.4
0.4
0.4
0.5
0.5
0.006
0.4
0.4
0.4
0.5
0.5
0.5
0.001
0.5
0.5
0.5
0.5
0.5
0.001
0.5
0.5
0.5
0.5
0.5
0.004
0.5
0.5
0.5
0.5
0.5
0.5
0.003
0.003
0.5
0.5
0.5
0.5
0.5
0.004
0.5
0.5
0.5
0.5
0.5
0.5
0.002
0.5
0.5
0.5
0.4
0.4
0.001
0.5
0.5
0.5
0.4
0.4
0.4
0.001
0.068
0.068
0.5
0.5
0.5
0.5
0.5
0.1
0.1
0.5
0.1
0.5
0.5
0.1
0.1
0.1
0.1
0.001
0.5
0.5
0.5
0.5
0.5
0.5
0.001
0.5
0.5
0.5
0.5
0.5
0.002
0.5
0.5
0.5
0.5
0.5
0.002
0.5
0.5
0.5
0.5
0.008
0.003
0.5
0.6
0.01
0.01
0.01
0.003
0.6
0.6
0.6
0.003
0.008
0.008
0.003
0.6
0.6
0.6
0.6
0.008
0.008
0.008
0.005
0.6
0.6
0.6
0.6
0.007
0.007
0.003
0.6
0.6
0.6
0.6
0.01
0.01
0.6
0.6
0.6
0.6
0.002
