0.003
0.005
0.008
0.009
0.009
0.005
0.004
0.004
0.004
0.004
0.004
0.004
0.004
0.073
0.073
0.073
0.073
0.074
0.001
0.1
0.1
0.1
0.1
0.1
0.003
0.086
0.086
0.086
0.086
0.086
0.086
0.086
0.086
0.1
0.1
0.1
0.1
0.1
0.001
0.1
0.1
0.1
0.1
0.1
0.1
0.1
0.001
0.1
0.1
0.001
0.2
0.2
0.2
0.2
0.2
0.1
0.1
0.1
0.1
0.1
0.2
0.2
0.2
0.2
0.2
0.2
0.2
0.002
0.075
0.075
0.075
0.075
0.075
0.075
0.002
0.047
0.047
0.047
0.047
0.047
0.047
0.047
0.033
0.033
0.033
0.033
0.1
0.2
15.5
15.5
15.5
15.5
12.7
15.5
15.5
12.7
0.003
0.3
0.3
0.3
0.3
0.6
0.3
0.3
0.6
0.4
0.4
0.4
0.4
0.5
0.4
0.4
0.4
0.4
0.5
0.4
0.4
0.5
0.4
0.4
0.4
0.4
0.009
0.009
0.009
0.5
0.4
0.4
0.4
0.5
0.4
0.5
0.001
0.4
0.4
0.4
0.5
0.4
0.4
0.5
0.4
0.4
0.4
0.4
0.5
0.5
0.5
0.5
0.5
0.4
0.001
0.5
0.5
0.5
0.5
0.4
0.5
0.5
0.4
0.5
0.5
0.5
0.5
0.4
0.5
0.5
0.5
0.5
0.4
0.5
0.5
0.5
0.5
0.4
0.002
0.5
0.5
0.5
0.5
0.4
0.002
0.5
0.5
0.5
0.5
0.5
0.5
0.5
0.5
0.002
0.5
0.5
0.5
0.5
0.5
0.5
0.5
0.5
0.5
0.5
0.5
0.5
0.5
0.5
0.5
0.5
0.5
0.5
0.5
0.5
0.5
0.5
0.5
0.5
0.5
0.5
0.5
0.5
0.5
0.5
0.5
0.002
0.6
0.6
0.6
0.6
0.6
0.6
0.6
0.6
0.6
0.6
0.6
0.6
0.6
0.002
0.6
0.6
0.6
0.6
0.6
0.6
0.6
0.6
0.6
0.6
0.6
0.6
0.6
0.6
0.6
0.6
0.6
0.6
0.6
0.6
0.6
0.6
0.6
0.6
0.001
